309154 
0 
0 
0 
0 
0 
0 
0 
0 
309154 
0 
0 
0 
0 workers2.properties
19785926 
0 
0 
0 
0 
725 
0 
0 
0 
0 
19785926 
0 
0 
0 
0 
726 
0 
0 
0 
0 
19785926 
0 
0 
0 
0 
728 
0 
0 
0 
0 
158287420 
0 
0 
0 
0 workers2.properties
158287420 
0 
0 
0 
0 workers2.properties
158287420 
0 
0 
0 
0 workers2.properties
19785927 
0 
0 
0 
0 
0 
0 
0 
0 
19785927 
0 
0 
0 
0 
0 
0 
0 
0 
19785927 
0 
0 
0 
0 
0 
0 
0 
0 
2473240 
0 
0 
0 
0 
736 
0 
0 
0 
0 
2473240 
0 
0 
0 
0 
733 
0 
0 
0 
0 
2473240 
0 
0 
0 
0 
734 
0 
0 
0 
0 
158287434 
0 
0 
0 
0 workers2.properties
158287434 
0 
0 
0 
0 workers2.properties
158287437 
0 
0 
0 
0 
0 
0 
0 
0 
158287444 
0 
0 
0 
0 
738 
0 
0 
0 
0 
158287444 
0 
0 
0 
0 
741 
0 
0 
0 
0 
158287445 
0 
0 
0 
0 
737 
0 
0 
0 
0 
158287445 
0 
0 
0 
0 
740 
0 
0 
0 
0 
158287450 
0 
0 
0 
0 workers2.properties
158287450 
0 
0 
0 
0 workers2.properties
158287450 
0 
0 
0 
0 workers2.properties
158287453 
0 
0 
0 
0 
0 
0 
0 
0 
158287453 
0 
0 
0 
0 
0 
0 
0 
0 
158287453 
0 
0 
0 
0 
0 
0 
0 
0 
158287470 
0 
0 
0 
0 
744 
0 
0 
0 
0 
158287470 
0 
0 
0 
0 
745 
0 
0 
0 
0 
158287470 
0 
0 
0 
0 
748 
0 
0 
0 
0 
19785934 
0 
0 
0 
0 workers2.properties
19785934 
0 
0 
0 
0 workers2.properties
158287482 
0 
0 
0 
0 
0 
0 
0 
0 
158287482 
0 
0 
0 
0 
0 
0 
0 
0 
2473241 
0 
0 
0 
0 
750 
0 
0 
0 
0 
2473241 
0 
0 
0 
0 
751 
0 
0 
0 
0 
2473241 
0 
0 
0 
0 
752 
0 
0 
0 
0 
2473241 
0 
0 
0 
0 workers2.properties
2473241 
0 
0 
0 
0 workers2.properties
2473241 
0 
0 
0 
0 
0 
0 
0 
0 
2473241 
0 
0 
0 
0 
0 
0 
0 
0 
19785936 
0 
0 
0 
0 
754 
0 
0 
0 
0 
19785936 
0 
0 
0 
0 
755 
0 
0 
0 
0 
158287504 
0 
0 
0 
0 
756 
0 
0 
0 
0 
158287513 
0 
0 
0 
0 workers2.properties
158287516 
0 
0 
0 
0 
0 
0 
0 
0 
158287533 
0 
0 
0 
0 
763 
0 
0 
0 
0 
158287533 
0 
0 
0 
0 
765 
0 
0 
0 
0 
158287533 
0 
0 
0 
0 
766 
0 
0 
0 
0 
158287533 
0 
0 
0 
0 
767 
0 
0 
0 
0 
19785941 
0 
0 
0 
0 
0 
0 
0 
0 
19785941 
0 
0 
0 
0 
0 
0 
0 
0 
19785941 
0 
0 
0 
0 
0 
0 
0 
0 
19785941 
0 
0 
0 
0 
0 
0 
0 
0 
19785941 
0 
0 
0 
0 workers2.properties
19785941 
0 
0 
0 
0 workers2.properties
19785941 
0 
0 
0 
0 workers2.properties
19785941 
0 
0 
0 
0 workers2.properties
158287536 
0 
0 
0 
0 
0 
0 
0 
0 
158287536 
0 
0 
0 
0 
768 
0 
0 
0 
0 
158287536 
0 
0 
0 
0 workers2.properties
158287626 
0 
0 
0 
0 
527 
0 
0 
0 
0 
158287626 
0 
0 
0 
0 
533 
0 
0 
0 
0 
158287631 
0 
0 
0 
0 workers2.properties
158287631 
0 
0 
0 
0 workers2.properties
19785953 
0 
0 
0 
0 
0 
0 
0 
0 
158287632 
0 
0 
0 
0 
0 
0 
0 
0 
158287648 
0 
0 
0 
0 
536 
0 
0 
0 
0 
158287648 
0 
0 
0 
0 
539 
0 
0 
0 
0 
158287652 
0 
0 
0 
0 
0 
0 
0 
0 
158287652 
0 
0 
0 
0 
0 
0 
0 
0 
158287652 
0 
0 
0 
0 workers2.properties
158287652 
0 
0 
0 
0 workers2.properties
19785958 
0 
0 
0 
0 
541 
0 
0 
0 
0 
2473244 
0 
0 
0 
0 workers2.properties
2473244 
0 
0 
0 
0 
0 
0 
0 
0 
158287701 
0 
0 
0 
0 
547 
0 
0 
0 
0 
158287711 
0 
0 
0 
0 workers2.properties
19785963 
0 
0 
0 
0 
0 
0 
0 
0 
158287735 
0 
0 
0 
0 
553 
0 
0 
0 
0 
19785966 
0 
0 
0 
0 
554 
0 
0 
0 
0 
158287741 
0 
0 
0 
0 workers2.properties
158287741 
0 
0 
0 
0 workers2.properties
19785967 
0 
0 
0 
0 
0 
0 
0 
0 
19785967 
0 
0 
0 
0 
0 
0 
0 
0 
158287747 
0 
0 
0 
0 
560 
0 
0 
0 
0 
19785968 
0 
0 
0 
0 
0 
0 
0 
0 
19785968 
0 
0 
0 
0 workers2.properties
158287755 
0 
0 
0 
0 
565 
0 
0 
0 
0 
158287755 
0 
0 
0 
0 
573 
0 
0 
0 
0 
158287757 
0 
0 
0 
0 
0 
0 
0 
0 
158287757 
0 
0 
0 
0 
0 
0 
0 
0 
158287757 
0 
0 
0 
0 workers2.properties
158287757 
0 
0 
0 
0 workers2.properties
2473246 
0 
0 
0 
0 
584 
0 
0 
0 
0 
2473246 
0 
0 
0 
0 
587 
0 
0 
0 
0 
158287836 
0 
0 
0 
0 
603 
0 
0 
0 
0 
158287836 
0 
0 
0 
0 
605 
0 
0 
0 
0 
309155 
0 
0 
0 
0 
738 
0 
0 
0 
0 
309155 
0 
0 
0 
0 
743 
0 
0 
0 
0 
309155 
0 
0 
0 
0 
744 
0 
0 
0 
0 
309155 
0 
0 
0 
0 
763 
0 
0 
0 
0 
309155 
0 
0 
0 
0 
764 
0 
0 
0 
0 
309155 
0 
0 
0 
0 
765 
0 
0 
0 
1 
309155 
0 
0 
0 
0 
766 
0 
0 
0 
2 
309155 
0 
0 
0 
0 
0 
0 
0 
0 
309155 
0 
0 
0 
0 
0 
0 
0 
0 
309155 
0 
0 
0 
0 
0 
0 
0 
0 
309155 
0 
0 
0 
0 
0 
0 
0 
0 
309155 
0 
0 
0 
0 
0 
0 
0 
0 
309155 
0 
0 
0 
0 
0 
0 
0 
0 
309155 
0 
0 
0 
0 
0 
0 
0 
0 
309155 
0 
0 
0 
0 workers2.properties
309155 
0 
0 
0 
0 workers2.properties
309155 
0 
0 
0 
0 workers2.properties
309155 
0 
0 
0 
0 workers2.properties
309155 
0 
0 
0 
0 workers2.properties
309155 
0 
0 
0 
0 workers2.properties
309155 
0 
0 
0 
0 workers2.properties
158288073 
0 
0 
0 
0 
5792 
0 
0 
0 
0 
158288087 
0 
0 
0 
0 workers2.properties
158288088 
0 
0 
0 
0 
0 
0 
0 
0 
158288102 
0 
0 
0 
0 
5798 
0 
0 
0 
0 
158288102 
0 
0 
0 
0 
5803 
0 
0 
0 
0 
19786012 
0 
0 
0 
0 
0 
0 
0 
0 
19786012 
0 
0 
0 
0 
0 
0 
0 
0 
19786012 
0 
0 
0 
0 workers2.properties
19786012 
0 
0 
0 
0 workers2.properties
158288104 
0 
0 
0 
0 
0 
0 
0 
0 
158288104 
0 
0 
0 
0 
5805 
0 
0 
0 
0 
158288104 
0 
0 
0 
0 workers2.properties
19786024 
0 
0 
22 
0 
0 
0 
0 
0 
0 
158288203 
0 
0 
0 
0 
0 
0 
0 
0 
0 
158288206 
0 
0 
0 
0 
0 
0 
0 
0 
158288206 
0 
0 
0 
0 workers2.properties
158289584 
0 
0 
0 
0 
2347 
0 
0 
0 
0 
158289584 
0 
0 
0 
0 
2348 
0 
0 
0 
0 
2473274 
0 
0 
0 
0 workers2.properties
2473274 
0 
0 
0 
0 workers2.properties
2473274 
0 
0 
0 
0 
0 
0 
0 
0 
158289602 
0 
0 
0 
0 
2352 
0 
0 
0 
0 
158289602 
0 
0 
0 
0 
2353 
0 
0 
0 
0 
158289602 
0 
0 
0 
0 
2354 
0 
0 
0 
0 
158289617 
0 
0 
0 
0 workers2.properties
158289618 
0 
0 
0 
0 
0 
0 
0 
0 
158289621 
0 
0 
0 
0 
2355 
0 
0 
0 
0 
158289621 
0 
0 
0 
0 
2358 
0 
0 
0 
0 
158289621 
0 
0 
0 
0 
2359 
0 
0 
0 
0 
158289621 
0 
0 
0 
0 
2360 
0 
0 
0 
1 
158289623 
0 
0 
0 
0 
0 
0 
0 
0 
158289623 
0 
0 
0 
0 
0 
0 
0 
0 
158289623 
0 
0 
0 
0 
0 
0 
0 
0 
158289623 
0 
0 
0 
0 
0 
0 
0 
0 
158289623 
0 
0 
0 
0 workers2.properties
158289623 
0 
0 
0 
0 workers2.properties
158289623 
0 
0 
0 
0 workers2.properties
158289623 
0 
0 
0 
0 workers2.properties
158289776 
0 
0 
0 
0 
2386 
0 
0 
0 
0 
158289776 
0 
0 
0 
0 
2387 
0 
0 
0 
0 
158289776 
0 
0 
0 
0 
2388 
0 
0 
0 
0 
158289784 
0 
0 
0 
0 workers2.properties
158289785 
0 
0 
0 
0 workers2.properties
158289786 
0 
0 
0 
0 
0 
0 
0 
0 
158289786 
0 
0 
0 
0 
0 
0 
0 
0 
2473277 
0 
0 
0 
0 
2389 
0 
0 
0 
0 
2473277 
0 
0 
0 
0 
2390 
0 
0 
0 
0 
2473277 
0 
0 
0 
0 
2391 
0 
0 
0 
0 
2473277 
0 
0 
0 
0 
2392 
0 
0 
0 
0 
2473277 
0 
0 
0 
0 
0 
0 
0 
0 
2473277 
0 
0 
0 
0 
0 
0 
0 
0 
2473277 
0 
0 
0 
0 
0 
0 
0 
0 
2473277 
0 
0 
0 
0 
0 
0 
0 
0 
2473277 
0 
0 
0 
0 workers2.properties
2473277 
0 
0 
0 
0 workers2.properties
2473277 
0 
0 
0 
0 workers2.properties
2473277 
0 
0 
0 
0 workers2.properties
309159 
0 
0 
0 
0 
2410 
0 
0 
0 
0 
309159 
0 
0 
0 
0 
2411 
0 
0 
0 
0 
309159 
0 
0 
0 
0 
2419 
0 
0 
0 
0 
309159 
0 
0 
0 
0 
2420 
0 
0 
0 
0 
309159 
0 
0 
0 
0 
2421 
0 
0 
0 
1 
309159 
0 
0 
0 
0 
2422 
0 
0 
0 
0 
309159 
0 
0 
0 
0 
2423 
0 
0 
0 
0 
309159 
0 
0 
0 
0 
2424 
0 
0 
0 
0 
309159 
0 
0 
0 
0 workers2.properties
309159 
0 
0 
0 
0 workers2.properties
309159 
0 
0 
0 
0 workers2.properties
309159 
0 
0 
0 
0 workers2.properties
309159 
0 
0 
0 
0 workers2.properties
309159 
0 
0 
0 
0 
0 
0 
0 
0 
309159 
0 
0 
0 
0 
0 
0 
0 
0 
309159 
0 
0 
0 
0 
0 
0 
0 
0 
309159 
0 
0 
0 
0 
0 
0 
0 
0 
309159 
0 
0 
0 
0 
0 
0 
0 
0 
309159 
0 
0 
0 
0 
2425 
0 
0 
0 
0 
309159 
0 
0 
0 
0 
0 
0 
0 
0 
309159 
0 
0 
0 
0 workers2.properties
38644 
0 
0 
0 
0 
2432 
0 
0 
0 
0 
38644 
0 
0 
0 
0 
2433 
0 
0 
0 
0 
38644 
0 
0 
0 
0 
2434 
0 
0 
0 
0 
38644 
0 
0 
0 
0 
2435 
0 
0 
0 
0 
38644 
0 
0 
0 
0 workers2.properties
38644 
0 
0 
0 
0 workers2.properties
38644 
0 
0 
0 
0 workers2.properties
38644 
0 
0 
0 
0 
0 
0 
0 
0 
38644 
0 
0 
0 
0 
0 
0 
0 
0 
38644 
0 
0 
0 
0 
0 
0 
0 
0 
38644 
0 
0 
0 
0 workers2.properties
38644 
0 
0 
0 
0 
0 
0 
0 
0 
38644 
0 
0 
0 
0 
2436 
0 
0 
0 
0 
38644 
0 
0 
0 
0 
2437 
0 
0 
0 
0 
38644 
0 
0 
0 
0 workers2.properties
38644 
0 
0 
0 
0 workers2.properties
38644 
0 
0 
0 
0 
0 
0 
0 
0 
38644 
0 
0 
0 
0 
2438 
0 
0 
0 
0 
38644 
0 
0 
0 
0 workers2.properties
38644 
0 
0 
0 
0 
2439 
0 
0 
0 
0 
38644 
0 
0 
0 
0 
2440 
0 
0 
0 
0 
38644 
0 
0 
0 
0 
2441 
0 
0 
0 
0 
38644 
0 
0 
0 
0 
0 
0 
0 
0 
38644 
0 
0 
0 
0 workers2.properties
38644 
0 
0 
0 
0 workers2.properties
38644 
0 
0 
0 
0 
0 
0 
0 
0 
38644 
0 
0 
0 
0 
0 
0 
0 
0 
38644 
0 
0 
0 
0 
2442 
0 
0 
0 
0 
38644 
0 
0 
0 
0 
2443 
0 
0 
0 
0 
38644 
0 
0 
0 
0 
2444 
0 
0 
0 
0 
38644 
0 
0 
0 
0 workers2.properties
38644 
0 
0 
0 
0 workers2.properties
38644 
0 
0 
0 
0 
0 
0 
0 
0 
38644 
0 
0 
0 
0 
0 
0 
0 
0 
38644 
0 
0 
0 
0 
2445 
0 
0 
0 
0 
38644 
0 
0 
0 
0 workers2.properties
38644 
0 
0 
0 
0 
0 
0 
0 
0 
38644 
0 
0 
0 
0 
2446 
0 
0 
0 
0 
38644 
0 
0 
0 
0 
2448 
0 
0 
0 
0 
38644 
0 
0 
0 
0 
2447 
0 
0 
0 
0 
38644 
0 
0 
0 
0 workers2.properties
38644 
0 
0 
0 
0 workers2.properties
38644 
0 
0 
0 
0 
0 
0 
0 
0 
38644 
0 
0 
0 
0 
0 
0 
0 
0 
38644 
0 
0 
0 
0 
2449 
0 
0 
0 
0 
38644 
0 
0 
0 
0 workers2.properties
38644 
0 
0 
0 
0 
0 
0 
0 
0 
38644 
0 
0 
0 
0 
2450 
0 
0 
0 
0 
38644 
0 
0 
0 
0 
2451 
0 
0 
0 
0 
38644 
0 
0 
0 
0 
2452 
0 
0 
0 
0 
38644 
0 
0 
0 
0 workers2.properties
38644 
0 
0 
0 
0 workers2.properties
38644 
0 
0 
0 
0 
0 
0 
0 
0 
38644 
0 
0 
0 
0 
0 
0 
0 
0 
38644 
0 
0 
0 
0 
2453 
0 
0 
0 
0 
38644 
0 
0 
0 
0 
2454 
0 
0 
0 
0 
38644 
0 
0 
0 
0 
2455 
0 
0 
0 
0 
38644 
0 
0 
0 
0 
2457 
0 
0 
0 
0 
38644 
0 
0 
0 
0 
2464 
0 
0 
0 
0 
38644 
0 
0 
0 
0 
2465 
0 
0 
0 
0 
38644 
0 
0 
0 
0 
2466 
0 
0 
0 
1 
38644 
0 
0 
0 
0 
2467 
0 
0 
0 
0 
38644 
0 
0 
0 
0 workers2.properties
38644 
0 
0 
0 
0 workers2.properties
38644 
0 
0 
0 
0 workers2.properties
38644 
0 
0 
0 
0 
0 
0 
0 
0 
38644 
0 
0 
0 
0 
0 
0 
0 
0 
38644 
0 
0 
0 
0 
0 
0 
0 
0 
38644 
0 
0 
0 
0 
2475 
0 
0 
0 
0 
38644 
0 
0 
0 
0 
2476 
0 
0 
0 
0 
38644 
0 
0 
0 
0 
2477 
0 
0 
0 
0 
38644 
0 
0 
0 
0 
2478 
0 
0 
0 
1 
38644 
0 
0 
0 
0 
2479 
0 
0 
0 
0 
38644 
0 
0 
0 
0 
2480 
0 
0 
0 
0 
38644 
0 
0 
0 
0 workers2.properties
38644 
0 
0 
0 
0 workers2.properties
38644 
0 
0 
0 
0 workers2.properties
38644 
0 
0 
0 
0 workers2.properties
38644 
0 
0 
0 
0 workers2.properties
38644 
0 
0 
0 
0 
0 
0 
0 
0 
38644 
0 
0 
0 
0 
0 
0 
0 
0 
38644 
0 
0 
0 
0 
0 
0 
0 
0 
38644 
0 
0 
0 
0 
0 
0 
0 
0 
38644 
0 
0 
0 
0 
0 
0 
0 
0 
38644 
0 
0 
0 
0 
2483 
0 
0 
0 
0 
38644 
0 
0 
0 
0 
0 
0 
0 
0 
38644 
0 
0 
0 
0 workers2.properties
38644 
0 
0 
0 
0 
2507 
0 
0 
0 
0 
38644 
0 
0 
0 
0 
0 
0 
0 
0 
38644 
0 
0 
0 
0 workers2.properties
38644 
0 
0 
0 
0 
2528 
0 
0 
0 
0 
38644 
0 
0 
0 
0 
2529 
0 
0 
0 
0 
38644 
0 
0 
0 
0 
0 
0 
0 
0 
38644 
0 
0 
0 
0 
0 
0 
0 
0 
38644 
0 
0 
0 
0 workers2.properties
38644 
0 
0 
0 
0 workers2.properties
38644 
0 
0 
0 
0 
2546 
0 
0 
0 
0 
38644 
0 
0 
0 
0 
2548 
0 
0 
0 
0 
38644 
0 
0 
0 
0 
2547 
0 
0 
0 
0 
38644 
0 
0 
0 
0 workers2.properties
38644 
0 
0 
0 
0 workers2.properties
38644 
0 
0 
0 
0 workers2.properties
38644 
0 
0 
0 
0 
0 
0 
0 
0 
38644 
0 
0 
0 
0 
0 
0 
0 
0 
38644 
0 
0 
0 
0 
0 
0 
0 
0 
38644 
0 
0 
0 
0 
2549 
0 
0 
0 
0 
38644 
0 
0 
0 
0 
2550 
0 
0 
0 
0 
38644 
0 
0 
0 
0 workers2.properties
38644 
0 
0 
0 
0 workers2.properties
38644 
0 
0 
0 
0 
0 
0 
0 
0 
38644 
0 
0 
0 
0 
0 
0 
0 
0 
38644 
0 
0 
0 
0 
2551 
0 
0 
0 
0 
38644 
0 
0 
0 
0 
2552 
0 
0 
0 
0 
38644 
0 
0 
0 
0 
2553 
0 
0 
0 
0 
38644 
0 
0 
0 
0 
2554 
0 
0 
0 
0 
38644 
0 
0 
0 
0 workers2.properties
38644 
0 
0 
0 
0 workers2.properties
38644 
0 
0 
0 
0 
0 
0 
0 
0 
38644 
0 
0 
0 
0 
0 
0 
0 
0 
38644 
0 
0 
0 
0 workers2.properties
38644 
0 
0 
0 
0 workers2.properties
38644 
0 
0 
0 
0 
0 
0 
0 
0 
38644 
0 
0 
0 
0 
0 
0 
0 
0 
38644 
0 
0 
0 
0 
2555 
0 
0 
0 
0 
38644 
0 
0 
0 
0 
2556 
0 
0 
0 
0 
38644 
0 
0 
0 
0 
2557 
0 
0 
0 
0 
38644 
0 
0 
0 
0 workers2.properties
38644 
0 
0 
0 
0 workers2.properties
38644 
0 
0 
0 
0 workers2.properties
38644 
0 
0 
0 
0 
0 
0 
0 
0 
38644 
0 
0 
0 
0 
0 
0 
0 
0 
38644 
0 
0 
0 
0 
2558 
0 
0 
0 
0 
38644 
0 
0 
0 
0 
2560 
0 
0 
0 
0 
38644 
0 
0 
0 
0 
2561 
0 
0 
0 
0 
38644 
0 
0 
0 
0 
2563 
0 
0 
0 
0 
38644 
0 
0 
0 
0 
2564 
0 
0 
0 
0 
38644 
0 
0 
0 
0 
2565 
0 
0 
0 
1 
38644 
0 
0 
0 
0 
2569 
0 
0 
0 
0 
38644 
0 
0 
0 
0 
2572 
0 
0 
0 
0 
38644 
0 
0 
0 
0 
2575 
0 
0 
0 
0 
38644 
0 
0 
0 
0 
2576 
0 
0 
0 
0 
38644 
0 
0 
0 
0 
2577 
0 
0 
0 
1 
38644 
0 
0 
0 
0 workers2.properties
38644 
0 
0 
0 
0 workers2.properties
38644 
0 
0 
0 
0 
0 
0 
0 
0 
38644 
0 
0 
0 
0 
2581 
0 
0 
0 
0 
38644 
0 
0 
0 
0 
2578 
0 
0 
0 
0 
38644 
0 
0 
0 
0 
2579 
0 
0 
0 
0 
38644 
0 
0 
0 
0 
2580 
0 
0 
0 
0 
38644 
0 
0 
0 
0 workers2.properties
38644 
0 
0 
0 
0 workers2.properties
38644 
0 
0 
0 
0 
0 
0 
0 
0 
38644 
0 
0 
0 
0 
0 
0 
0 
0 
38644 
0 
0 
0 
0 
2582 
0 
0 
0 
0 
38644 
0 
0 
0 
0 
2583 
0 
0 
0 
0 
38644 
0 
0 
0 
0 
2584 
0 
0 
0 
0 
38644 
0 
0 
0 
0 
0 
0 
0 
0 
38644 
0 
0 
0 
0 workers2.properties
38644 
0 
0 
0 
0 
0 
0 
0 
0 
38644 
0 
0 
0 
0 
0 
0 
0 
0 
38644 
0 
0 
0 
0 workers2.properties
38644 
0 
0 
0 
0 workers2.properties
19786243 
0 
0 
0 
0 
2585 
0 
0 
0 
0 
158289960 
0 
0 
0 
0 
2586 
0 
0 
0 
0 
158289960 
0 
0 
0 
0 
2587 
0 
0 
0 
0 
158289964 
0 
0 
0 
0 
2588 
0 
0 
0 
0 
19786245 
0 
0 
0 
0 workers2.properties
19786245 
0 
0 
0 
0 workers2.properties
19786245 
0 
0 
0 
0 workers2.properties
158289971 
0 
0 
0 
0 
0 
0 
0 
0 
2473280 
0 
0 
0 
0 
2591 
0 
0 
0 
0 
2473280 
0 
0 
0 
0 
2592 
0 
0 
0 
0 
158289986 
0 
0 
0 
0 
2593 
0 
0 
0 
0 
158289986 
0 
0 
0 
0 
2594 
0 
0 
0 
0 
19786250 
0 
0 
0 
0 
2597 
0 
0 
0 
0 
158290022 
0 
0 
0 
0 
2600 
0 
0 
0 
0 
158290022 
0 
0 
0 
0 
2601 
0 
0 
0 
0 
158290035 
0 
0 
0 
0 workers2.properties
158290036 
0 
0 
0 
0 
0 
0 
0 
0 
2473281 
0 
0 
0 
0 
2604 
0 
0 
0 
0 
2473281 
0 
0 
0 
0 
2605 
0 
0 
0 
0 
158290107 
0 
0 
0 
0 
2621 
0 
0 
0 
0 
158290107 
0 
0 
0 
0 
2622 
0 
0 
0 
0 
158290107 
0 
0 
0 
0 
2624 
0 
0 
0 
0 
158290108 
0 
0 
0 
0 
2623 
0 
0 
0 
1 
2473282 
0 
0 
0 
0 
0 
0 
0 
0 
2473282 
0 
0 
0 
0 
0 
0 
0 
0 
2473282 
0 
0 
0 
0 
0 
0 
0 
0 
2473282 
0 
0 
0 
0 
0 
0 
0 
0 
2473282 
0 
0 
0 
0 workers2.properties
2473282 
0 
0 
0 
0 workers2.properties
2473282 
0 
0 
0 
0 workers2.properties
2473282 
0 
0 
0 
0 workers2.properties
2473282 
0 
0 
0 
0 
2626 
0 
0 
0 
0 
2473282 
0 
0 
0 
0 
0 
0 
0 
0 
2473282 
0 
0 
0 
0 workers2.properties
158290135 
0 
0 
0 
0 
2627 
0 
0 
0 
0 
19786266 
0 
0 
0 
0 
2628 
0 
0 
0 
0 
158290139 
0 
0 
0 
0 workers2.properties
158290140 
0 
0 
0 
0 workers2.properties
158290141 
0 
0 
0 
0 
0 
0 
0 
0 
158290141 
0 
0 
0 
0 
0 
0 
0 
0 
158290151 
0 
0 
0 
0 
2629 
0 
0 
0 
0 
158290151 
0 
0 
0 
0 
2630 
0 
0 
0 
0 
19786269 
0 
0 
0 
0 workers2.properties
19786269 
0 
0 
0 
0 workers2.properties
158290161 
0 
0 
0 
0 
0 
0 
0 
0 
158290161 
0 
0 
0 
0 
0 
0 
0 
0 
2473283 
0 
0 
0 
0 
2632 
0 
0 
0 
0 
2473283 
0 
0 
0 
0 
2633 
0 
0 
0 
0 
2473283 
0 
0 
0 
0 
2634 
0 
0 
0 
1 
158290179 
0 
0 
0 
0 workers2.properties
158290182 
0 
0 
0 
0 
0 
0 
0 
0 
158290191 
0 
0 
0 
0 
2637 
0 
0 
0 
0 
158290191 
0 
0 
0 
0 
2638 
0 
0 
0 
0 
19786273 
0 
0 
0 
0 
2636 
0 
0 
0 
0 
158290212 
0 
0 
0 
0 
2640 
0 
0 
0 
0 
158290212 
0 
0 
0 
0 
2641 
0 
0 
0 
0 
158290212 
0 
0 
0 
0 
2642 
0 
0 
0 
0 
158290237 
0 
0 
0 
0 
2646 
0 
0 
0 
0 
158290240 
0 
0 
0 
0 
2648 
0 
0 
0 
0 
158290240 
0 
0 
0 
0 
2649 
0 
0 
0 
0 
158290240 
0 
0 
0 
0 
2650 
0 
0 
0 
0 
158290240 
0 
0 
0 
0 
2651 
0 
0 
0 
0 
158290240 
0 
0 
0 
0 
2652 
0 
0 
0 
0 
19786281 
0 
0 
0 
0 workers2.properties
19786281 
0 
0 
0 
0 workers2.properties
19786281 
0 
0 
0 
0 workers2.properties
158290259 
0 
0 
0 
0 
0 
0 
0 
0 
158290259 
0 
0 
0 
0 
0 
0 
0 
0 
158290259 
0 
0 
0 
0 
0 
0 
0 
0 
158290284 
0 
0 
0 
0 
2657 
0 
0 
0 
0 
158290284 
0 
0 
0 
0 
2658 
0 
0 
0 
0 
158290284 
0 
0 
0 
0 
2659 
0 
0 
0 
0 
158290285 
0 
0 
0 
0 
2660 
0 
0 
0 
0 
158290296 
0 
0 
0 
0 workers2.properties
158290303 
0 
0 
0 
0 
0 
0 
0 
0 
2473285 
0 
0 
0 
0 
2663 
0 
0 
0 
0 
2473285 
0 
0 
0 
0 
2664 
0 
0 
0 
0 
19786291 
0 
0 
0 
0 
2667 
0 
0 
0 
0 
19786291 
0 
0 
0 
0 
2668 
0 
0 
0 
0 
19786291 
0 
0 
0 
0 
2669 
0 
0 
0 
0 
19786291 
0 
0 
0 
0 
2670 
0 
0 
0 
0 
19786291 
0 
0 
0 
0 
2671 
0 
0 
0 
0 
158290339 
0 
0 
0 
0 
0 
0 
0 
0 
158290339 
0 
0 
0 
0 
0 
0 
0 
0 
158290339 
0 
0 
0 
0 
0 
0 
0 
0 
158290339 
0 
0 
0 
0 
0 
0 
0 
0 
158290339 
0 
0 
0 
0 workers2.properties
158290339 
0 
0 
0 
0 workers2.properties
158290339 
0 
0 
0 
0 workers2.properties
158290339 
0 
0 
0 
0 workers2.properties
158290340 
0 
0 
0 
0 
0 
0 
0 
0 
158290340 
0 
0 
0 
0 workers2.properties
2473286 
0 
0 
0 
0 
2674 
0 
0 
0 
0 
2473286 
0 
0 
0 
0 
2672 
0 
0 
0 
0 
2473286 
0 
0 
0 
0 
2673 
0 
0 
0 
0 
158290375 
0 
0 
0 
0 
2675 
0 
0 
0 
0 
19786296 
0 
0 
0 
0 workers2.properties
19786296 
0 
0 
0 
0 workers2.properties
19786296 
0 
0 
0 
0 
0 
0 
0 
0 
19786296 
0 
0 
0 
0 
0 
0 
0 
0 
158290393 
0 
0 
0 
0 workers2.properties
158290395 
0 
0 
0 
0 
0 
0 
0 
0 
158290396 
0 
0 
0 
0 
2676 
0 
0 
0 
0 
158290396 
0 
0 
0 
0 
2677 
0 
0 
0 
0 
158290396 
0 
0 
0 
0 
2678 
0 
0 
0 
0 
19786302 
0 
0 
0 
0 
2679 
0 
0 
0 
0 
19786302 
0 
0 
0 
0 
2680 
0 
0 
0 
0 
158290428 
0 
0 
0 
0 
2681 
0 
0 
0 
0 
158290428 
0 
0 
0 
0 
2682 
0 
0 
0 
0 
19786303 
0 
0 
0 
0 workers2.properties
2473287 
0 
0 
0 
0 
0 
0 
0 
0 
2473287 
0 
0 
0 
0 workers2.properties
2473287 
0 
0 
0 
0 workers2.properties
2473287 
0 
0 
0 
0 
0 
0 
0 
0 
2473287 
0 
0 
0 
0 
0 
0 
0 
0 
2473287 
0 
0 
0 
0 
2683 
0 
0 
0 
0 
309160 
0 
0 
0 
0 
2685 
0 
0 
0 
0 
309160 
0 
0 
0 
0 
2688 
0 
0 
0 
1 
309160 
0 
0 
0 
0 
2695 
0 
0 
0 
0 
309160 
0 
0 
0 
0 
2696 
0 
0 
0 
0 
309160 
0 
0 
0 
0 
2701 
0 
0 
0 
0 
309160 
0 
0 
0 
0 
2702 
0 
0 
0 
1 
309160 
0 
0 
0 
0 
2708 
0 
0 
0 
0 
309160 
0 
0 
0 
0 
2709 
0 
0 
0 
0 
309160 
0 
0 
0 
0 
2710 
0 
0 
0 
0 
309160 
0 
0 
0 
0 
2711 
0 
0 
0 
0 
309160 
0 
0 
0 
0 
2712 
0 
0 
0 
0 
309160 
0 
0 
0 
0 workers2.properties
309160 
0 
0 
0 
0 workers2.properties
309160 
0 
0 
0 
0 workers2.properties
309160 
0 
0 
0 
0 workers2.properties
309160 
0 
0 
0 
0 workers2.properties
309160 
0 
0 
0 
0 
0 
0 
0 
0 
309160 
0 
0 
0 
0 
0 
0 
0 
0 
309160 
0 
0 
0 
0 
0 
0 
0 
0 
309160 
0 
0 
0 
0 
0 
0 
0 
0 
309160 
0 
0 
0 
0 
0 
0 
0 
0 
309160 
0 
0 
0 
0 
2713 
0 
0 
0 
0 
158290435 
0 
0 
0 
0 
2717 
0 
0 
0 
0 
19786306 
0 
0 
0 
0 
2720 
0 
0 
0 
0 
158290487 
0 
0 
0 
0 
2726 
0 
0 
0 
0 
2473288 
0 
0 
0 
0 
2729 
0 
0 
0 
0 
2473288 
0 
0 
0 
0 
2730 
0 
0 
0 
0 
2473288 
0 
0 
0 
0 
2731 
0 
0 
0 
0 
158290532 
0 
0 
0 
0 
2739 
0 
0 
0 
0 
158290532 
0 
0 
0 
0 
2740 
0 
0 
0 
0 
158290553 
0 
0 
0 
0 
2742 
0 
0 
0 
0 
158290595 
0 
0 
0 
0 
2754 
0 
0 
0 
1 
158290595 
0 
0 
0 
0 
2755 
0 
0 
0 
0 
158290595 
0 
0 
0 
0 
2758 
0 
0 
0 
0 
158290600 
0 
0 
0 
0 
0 
0 
0 
0 
158290600 
0 
0 
0 
0 
0 
0 
0 
0 
158290600 
0 
0 
0 
0 
0 
0 
0 
0 
158290600 
0 
0 
0 
0 workers2.properties
158290600 
0 
0 
0 
0 workers2.properties
158290600 
0 
0 
0 
0 workers2.properties
2473290 
0 
0 
0 
0 
2761 
0 
0 
0 
0 
2473290 
0 
0 
0 
0 
2762 
0 
0 
0 
0 
2473290 
0 
0 
0 
0 
2763 
0 
0 
0 
0 
2473290 
0 
0 
0 
0 
0 
0 
0 
0 
2473290 
0 
0 
0 
0 
0 
0 
0 
0 
2473290 
0 
0 
0 
0 
0 
0 
0 
0 
2473290 
0 
0 
0 
0 workers2.properties
2473290 
0 
0 
0 
0 workers2.properties
2473290 
0 
0 
0 
0 workers2.properties
158290732 
0 
0 
0 
0 
0 
0 
0 
0 
0 
158290740 
0 
0 
0 
0 
0 
0 
0 
0 
0 
158290740 
0 
0 
0 
0 
10 
0 
0 
0 
0 
158290741 
0 
0 
0 
0 
0 
0 
0 
0 
158290741 
0 
0 
0 
0 workers2.properties
158290747 
0 
0 
0 
0 workers2.properties
158290747 
0 
0 
0 
0 workers2.properties
2473292 
0 
0 
0 
0 
0 
0 
0 
0 
2473292 
0 
0 
0 
0 
0 
0 
0 
0 
19786344 
0 
0 
0 
0 
11 
0 
0 
0 
0 
158290773 
0 
0 
0 
0 workers2.properties
19786346 
0 
0 
0 
0 
0 
0 
0 
0 
158290786 
0 
0 
0 
0 
12 
0 
0 
0 
0 
158290786 
0 
0 
0 
0 
13 
0 
0 
0 
0 
158290800 
0 
0 
0 
0 workers2.properties
158290800 
0 
0 
0 
0 workers2.properties
158290804 
0 
0 
0 
0 
0 
0 
0 
0 
158290804 
0 
0 
0 
0 
0 
0 
0 
0 
2473293 
0 
0 
0 
0 
14 
0 
0 
0 
0 
2473293 
0 
0 
0 
0 
15 
0 
0 
0 
0 
2473293 
0 
0 
0 
0 
16 
0 
0 
0 
0 
158290830 
0 
0 
0 
0 workers2.properties
158290830 
0 
0 
0 
0 workers2.properties
158290830 
0 
0 
0 
0 workers2.properties
158290833 
0 
0 
0 
0 
0 
0 
0 
0 
158290833 
0 
0 
0 
0 
0 
0 
0 
0 
158290855 
0 
0 
0 
0 
17 
0 
0 
0 
0 
158290855 
0 
0 
0 
0 
19 
0 
0 
0 
0 
19786356 
0 
0 
0 
0 
18 
0 
0 
0 
0 
158290865 
0 
0 
0 
0 workers2.properties
19786358 
0 
0 
0 
0 
0 
0 
0 
0 
2473294 
0 
0 
0 
0 
21 
0 
0 
0 
0 
19786360 
0 
0 
0 
0 
23 
0 
0 
0 
0 
19786360 
0 
0 
0 
0 
24 
0 
0 
0 
1 
309161 
0 
0 
0 
0 
47 
0 
0 
0 
0 
309161 
0 
0 
0 
0 
48 
0 
0 
0 
0 
309161 
0 
0 
0 
0 
49 
0 
0 
0 
0 
309161 
0 
0 
0 
0 
50 
0 
0 
0 
0 
309161 
0 
0 
0 
0 
51 
0 
0 
0 
0 
309161 
0 
0 
0 
0 
52 
0 
0 
0 
1 
309161 
0 
0 
0 
0 
53 
0 
0 
0 
2 
309161 
0 
0 
0 
0 
0 
0 
0 
0 
309161 
0 
0 
0 
0 
0 
0 
0 
0 
309161 
0 
0 
0 
0 
0 
0 
0 
0 
309161 
0 
0 
0 
0 
0 
0 
0 
0 
309161 
0 
0 
0 
0 
0 
0 
0 
0 
309161 
0 
0 
0 
0 
0 
0 
0 
0 
309161 
0 
0 
0 
0 
0 
0 
0 
0 
309161 
0 
0 
0 
0 workers2.properties
309161 
0 
0 
0 
0 workers2.properties
309161 
0 
0 
0 
0 workers2.properties
309161 
0 
0 
0 
0 workers2.properties
309161 
0 
0 
0 
0 workers2.properties
309161 
0 
0 
0 
0 workers2.properties
309161 
0 
0 
0 
0 workers2.properties
158291813 
0 
0 
3 
0 
0 
0 
0 
0 
0 
158293935 
0 
0 
47 
0 
0 
0 
0 
0 
0 
158294090 
0 
0 
7 
0 
0 
0 
0 
0 
0 
309172 
0 
0 
18 
0 
0 
0 
0 
0 
0 
309173 
0 
0 
4 
0 
0 
0 
0 
0 
0 
2473401 
0 
0 
11 
0 
0 
0 
0 
0 
0 
158298099 
0 
0 
16 
0 
0 
0 
0 
0 
0 
2473415 
0 
0 
0 
0 
0 
0 
0 
0 
0 
158300394 
0 
0 
5 
0 
0 
0 
0 
0 
0 
158302176 
0 
0 
0 
0 
0 
0 
0 
0 
0 
4830 
0 
0 
7 
0 
0 
0 
0 
0 
0 
4830 
0 
0 
4 
0 
0 
0 
0 
0 
0 
4830 
0 
0 
0 
0 
219 
0 
0 
0 
0 
4830 
0 
0 
8 
0 
0 
0 
0 
0 
0 
4830 
0 
0 
0 
0 
0 
0 
0 
0 
4830 
0 
0 
0 
0 workers2.properties
4830 
0 
0 
0 
0 
248 
0 
0 
0 
0 
4830 
0 
0 
0 
0 
253 
0 
0 
0 
0 
4830 
0 
0 
0 
0 
0 
0 
0 
0 
4830 
0 
0 
0 
0 workers2.properties
4830 
0 
0 
0 
0 
0 
0 
0 
0 
4830 
0 
0 
0 
0 
0 
0 
0 
0 
4830 
0 
0 
0 
0 
0 
0 
0 
0 
4830 
0 
0 
0 
0 
254 
0 
0 
0 
0 
4830 
0 
0 
0 
0 
255 
0 
0 
0 
0 
4830 
0 
0 
0 
0 
256 
0 
0 
0 
0 
4830 
0 
0 
0 
0 workers2.properties
4830 
0 
0 
0 
0 workers2.properties
4830 
0 
0 
0 
0 workers2.properties
4830 
0 
0 
0 
0 
262 
0 
0 
0 
0 
4830 
0 
0 
0 
0 
0 
0 
0 
0 
4830 
0 
0 
0 
0 workers2.properties
4830 
0 
0 
0 
0 
275 
0 
0 
0 
0 
4830 
0 
0 
0 
0 
276 
0 
0 
0 
0 
4830 
0 
0 
0 
0 
0 
0 
0 
0 
4830 
0 
0 
0 
0 
0 
0 
0 
0 
4830 
0 
0 
0 
0 
0 
0 
0 
0 
4830 
0 
0 
0 
0 
0 
0 
0 
0 
4830 
0 
0 
0 
0 
277 
0 
0 
0 
0 
4830 
0 
0 
0 
0 
278 
0 
0 
0 
0 
4830 
0 
0 
0 
0 workers2.properties
4830 
0 
0 
0 
0 workers2.properties
4830 
0 
0 
0 
0 workers2.properties
4830 
0 
0 
0 
0 workers2.properties
4830 
0 
0 
0 
0 
283 
0 
0 
0 
0 
4830 
0 
0 
0 
0 
284 
0 
0 
0 
0 
4830 
0 
0 
0 
0 workers2.properties
4830 
0 
0 
0 
0 
0 
0 
0 
0 
4830 
0 
0 
0 
0 
288 
0 
0 
0 
0 
4830 
0 
0 
0 
0 
291 
0 
0 
0 
0 
4830 
0 
0 
0 
0 
296 
0 
0 
0 
0 
4830 
0 
0 
0 
0 
297 
0 
0 
0 
0 
4830 
0 
0 
0 
0 
298 
0 
0 
0 
0 
4830 
0 
0 
0 
0 
299 
0 
0 
0 
0 
4830 
0 
0 
0 
0 
300 
0 
0 
0 
0 
4830 
0 
0 
0 
0 
0 
0 
0 
0 
4830 
0 
0 
0 
0 
0 
0 
0 
0 
4830 
0 
0 
0 
0 
0 
0 
0 
0 
4830 
0 
0 
0 
0 
0 
0 
0 
0 
4830 
0 
0 
0 
0 
0 
0 
0 
0 
4830 
0 
0 
0 
0 workers2.properties
4830 
0 
0 
0 
0 workers2.properties
4830 
0 
0 
0 
0 workers2.properties
4830 
0 
0 
0 
0 workers2.properties
4830 
0 
0 
0 
0 workers2.properties
4830 
0 
0 
0 
0 
308 
0 
0 
0 
0 
4830 
0 
0 
0 
0 
309 
0 
0 
0 
0 
4830 
0 
0 
0 
0 
312 
0 
0 
0 
0 
4830 
0 
0 
0 
0 
313 
0 
0 
0 
0 
4830 
0 
0 
0 
0 
320 
0 
0 
0 
0 
4830 
0 
0 
0 
0 
321 
0 
0 
0 
0 
4830 
0 
0 
0 
0 
322 
0 
0 
0 
0 
4830 
0 
0 
0 
0 
323 
0 
0 
0 
0 
4830 
0 
0 
0 
0 
324 
0 
0 
0 
0 
4830 
0 
0 
0 
0 
325 
0 
0 
0 
0 
4830 
0 
0 
0 
0 
0 
0 
0 
0 
4830 
0 
0 
0 
0 
0 
0 
0 
0 
4830 
0 
0 
0 
0 
0 
0 
0 
0 
4830 
0 
0 
0 
0 
0 
0 
0 
0 
4830 
0 
0 
0 
0 
0 
0 
0 
0 
4830 
0 
0 
0 
0 workers2.properties
4830 
0 
0 
0 
0 workers2.properties
4830 
0 
0 
0 
0 workers2.properties
4830 
0 
0 
0 
0 workers2.properties
4830 
0 
0 
0 
0 workers2.properties
4830 
0 
0 
0 
0 
331 
0 
0 
0 
0 
4830 
0 
0 
0 
0 
334 
0 
0 
0 
0 
4830 
0 
0 
0 
0 
335 
0 
0 
0 
0 
4830 
0 
0 
0 
0 
336 
0 
0 
0 
0 
4830 
0 
0 
0 
0 
337 
0 
0 
0 
0 
4830 
0 
0 
0 
0 
338 
0 
0 
0 
0 
4830 
0 
0 
0 
0 
0 
0 
0 
0 
4830 
0 
0 
0 
0 
0 
0 
0 
0 
4830 
0 
0 
0 
0 
0 
0 
0 
0 
4830 
0 
0 
0 
0 
0 
0 
0 
0 
4830 
0 
0 
0 
0 
0 
0 
0 
0 
4830 
0 
0 
0 
0 workers2.properties
4830 
0 
0 
0 
0 workers2.properties
4830 
0 
0 
0 
0 workers2.properties
4830 
0 
0 
0 
0 workers2.properties
4830 
0 
0 
0 
0 workers2.properties
4830 
0 
0 
0 
0 
354 
0 
0 
0 
0 
4830 
0 
0 
0 
0 
355 
0 
0 
0 
0 
4830 
0 
0 
0 
0 
356 
0 
0 
0 
0 
4830 
0 
0 
0 
0 
357 
0 
0 
0 
0 
4830 
0 
0 
0 
0 
358 
0 
0 
0 
0 
4830 
0 
0 
0 
0 
0 
0 
0 
0 
4830 
0 
0 
0 
0 
0 
0 
0 
0 
4830 
0 
0 
0 
0 
0 
0 
0 
0 
4830 
0 
0 
0 
0 
0 
0 
0 
0 
4830 
0 
0 
0 
0 
0 
0 
0 
0 
4830 
0 
0 
0 
0 workers2.properties
4830 
0 
0 
0 
0 workers2.properties
4830 
0 
0 
0 
0 workers2.properties
4830 
0 
0 
0 
0 workers2.properties
4830 
0 
0 
0 
0 workers2.properties
4830 
0 
0 
0 
0 
375 
0 
0 
0 
0 
4830 
0 
0 
0 
0 
376 
0 
0 
0 
0 
4830 
0 
0 
0 
0 
377 
0 
0 
0 
0 
4830 
0 
0 
0 
0 
0 
0 
0 
0 
4830 
0 
0 
0 
0 
0 
0 
0 
0 
4830 
0 
0 
0 
0 
0 
0 
0 
0 
4830 
0 
0 
0 
0 workers2.properties
4830 
0 
0 
0 
0 workers2.properties
4830 
0 
0 
0 
0 workers2.properties
4830 
0 
0 
0 
0 
387 
0 
0 
0 
0 
4830 
0 
0 
0 
0 
388 
0 
0 
0 
0 
4830 
0 
0 
0 
0 
389 
0 
0 
0 
0 
4830 
0 
0 
0 
0 
390 
0 
0 
0 
0 
4830 
0 
0 
0 
0 
393 
0 
0 
0 
0 
4830 
0 
0 
0 
0 
394 
0 
0 
0 
0 
4830 
0 
0 
0 
0 
395 
0 
0 
0 
0 
4830 
0 
0 
0 
0 
396 
0 
0 
0 
0 
4830 
0 
0 
0 
0 workers2.properties
4830 
0 
0 
0 
0 workers2.properties
4830 
0 
0 
0 
0 workers2.properties
4830 
0 
0 
0 
0 workers2.properties
4830 
0 
0 
0 
0 
0 
0 
0 
0 
4830 
0 
0 
0 
0 
0 
0 
0 
0 
4830 
0 
0 
0 
0 
0 
0 
0 
0 
4830 
0 
0 
0 
0 
0 
0 
0 
0 
4830 
0 
0 
0 
0 
397 
0 
0 
0 
0 
4830 
0 
0 
0 
0 
0 
0 
0 
0 
4830 
0 
0 
0 
0 workers2.properties
4830 
0 
0 
0 
0 
412 
0 
0 
0 
0 
4830 
0 
0 
0 
0 
413 
0 
0 
0 
0 
4830 
0 
0 
0 
0 
414 
0 
0 
0 
0 
4830 
0 
0 
0 
0 
439 
0 
0 
0 
0 
4830 
0 
0 
0 
0 
441 
0 
0 
0 
0 
4830 
0 
0 
0 
0 
448 
0 
0 
0 
0 
4830 
0 
0 
0 
0 
450 
0 
0 
0 
1 
4830 
0 
0 
0 
0 
440 
0 
0 
0 
0 
4830 
0 
0 
0 
0 
449 
0 
0 
0 
0 
4830 
0 
0 
0 
0 workers2.properties
4830 
0 
0 
0 
0 workers2.properties
4830 
0 
0 
0 
0 workers2.properties
4830 
0 
0 
0 
0 workers2.properties
4830 
0 
0 
0 
0 workers2.properties
4830 
0 
0 
0 
0 
0 
0 
0 
0 
4830 
0 
0 
0 
0 
0 
0 
0 
0 
4830 
0 
0 
0 
0 
0 
0 
0 
0 
4830 
0 
0 
0 
0 
0 
0 
0 
0 
4830 
0 
0 
0 
0 
0 
0 
0 
0 
4830 
0 
0 
0 
0 
452 
0 
0 
0 
0 
4830 
0 
0 
0 
0 
0 
0 
0 
0 
4830 
0 
0 
0 
0 workers2.properties
4830 
0 
0 
0 
0 
461 
0 
0 
0 
0 
4830 
0 
0 
0 
0 
462 
0 
0 
0 
0 
4830 
0 
0 
0 
0 
466 
0 
0 
0 
0 
4830 
0 
0 
0 
0 
470 
0 
0 
0 
0 
4830 
0 
0 
0 
0 
476 
0 
0 
0 
0 
4830 
0 
0 
0 
0 
477 
0 
0 
0 
0 
4830 
0 
0 
0 
0 
498 
0 
0 
0 
0 
4830 
0 
0 
0 
0 
499 
0 
0 
0 
1 
4830 
0 
0 
0 
0 
501 
0 
0 
0 
0 
4830 
0 
0 
0 
0 
502 
0 
0 
0 
0 
4830 
0 
0 
0 
0 workers2.properties
4830 
0 
0 
0 
0 workers2.properties
4830 
0 
0 
0 
0 workers2.properties
4830 
0 
0 
0 
0 workers2.properties
4830 
0 
0 
0 
0 
0 
0 
0 
0 
4830 
0 
0 
0 
0 
0 
0 
0 
0 
4830 
0 
0 
0 
0 
0 
0 
0 
0 
4830 
0 
0 
0 
0 
0 
0 
0 
0 
4830 
0 
0 
0 
0 
503 
0 
0 
0 
0 
4830 
0 
0 
0 
0 
504 
0 
0 
0 
0 
4830 
0 
0 
0 
0 
0 
0 
0 
0 
4830 
0 
0 
0 
0 
0 
0 
0 
0 
4830 
0 
0 
0 
0 workers2.properties
4830 
0 
0 
0 
0 workers2.properties
4830 
0 
0 
0 
0 
507 
0 
0 
0 
0 
4830 
0 
0 
1 
0 
0 
0 
0 
0 
0 
4830 
0 
0 
0 
0 
0 
0 
0 
0 
4830 
0 
0 
0 
0 workers2.properties
4830 
0 
0 
0 
0 
512 
0 
0 
0 
0 
4830 
0 
0 
0 
0 
513 
0 
0 
0 
0 
4830 
0 
0 
0 
0 
517 
0 
0 
0 
0 
4830 
0 
0 
0 
0 
518 
0 
0 
0 
0 
4830 
0 
0 
0 
0 
520 
0 
0 
0 
0 
4830 
0 
0 
0 
0 
521 
0 
0 
0 
0 
4830 
0 
0 
0 
0 
527 
0 
0 
0 
0 
4830 
0 
0 
0 
0 
528 
0 
0 
0 
0 
4830 
0 
0 
0 
0 
529 
0 
0 
0 
0 
4830 
0 
0 
0 
0 
530 
0 
0 
0 
0 
4830 
0 
0 
0 
0 
0 
566 
0 
0 
4830 
0 
0 
0 
0 
0 
567 
0 
0 
4830 
0 
0 
0 
0 
561 
0 
0 
0 
0 
4830 
0 
0 
0 
0 
562 
0 
0 
0 
0 
4830 
0 
0 
0 
0 
563 
0 
0 
0 
0 
4830 
0 
0 
0 
0 
565 
0 
0 
0 
0 
4830 
0 
0 
0 
0 
568 
0 
0 
0 
3 
4830 
0 
0 
0 
0 
0 
2 
4830 
0 
0 
0 
0 
0 
2 
4830 
0 
0 
0 
0 
0 
0 
0 
0 
4830 
0 
0 
0 
0 
0 
0 
0 
0 
4830 
0 
0 
0 
0 
0 
0 
0 
0 
4830 
0 
0 
0 
0 
0 
0 
0 
0 
4830 
0 
0 
0 
0 
0 
0 
0 
0 
4830 
0 
0 
0 
0 workers2.properties
4830 
0 
0 
0 
0 workers2.properties
4830 
0 
0 
0 
0 workers2.properties
4830 
0 
0 
0 
0 workers2.properties
4830 
0 
0 
0 
0 workers2.properties
4830 
0 
0 
0 
0 workers2.properties
4830 
0 
0 
0 
0 workers2.properties
4830 
0 
0 
18 
0 
0 
0 
0 
0 
0 
4830 
0 
0 
25 
0 
0 
0 
0 
0 
0 
4830 
0 
0 
0 
0 
763 
0 
0 
0 
0 
4830 
0 
0 
0 
0 
0 
0 
0 
0 
4830 
0 
0 
0 
0 workers2.properties
4830 
0 
0 
0 
0 
786 
0 
0 
0 
0 
4830 
0 
0 
0 
0 
787 
0 
0 
0 
0 
4830 
0 
0 
0 
0 workers2.properties
4830 
0 
0 
0 
0 
0 
0 
0 
0 
4830 
0 
0 
0 
0 
0 
0 
0 
0 
4830 
0 
0 
0 
0 
0 
0 
0 
0 
4830 
0 
0 
0 
0 
0 
0 
0 
0 
4830 
0 
0 
0 
0 
788 
0 
0 
0 
0 
4830 
0 
0 
0 
0 
789 
0 
0 
0 
0 
4830 
0 
0 
0 
0 
790 
0 
0 
0 
0 
4830 
0 
0 
0 
0 workers2.properties
4830 
0 
0 
0 
0 workers2.properties
4830 
0 
0 
0 
0 workers2.properties
4830 
0 
0 
0 
0 
797 
0 
0 
0 
0 
4830 
0 
0 
0 
0 
798 
0 
0 
0 
0 
4830 
0 
0 
0 
0 
799 
0 
0 
0 
0 
4830 
0 
0 
0 
0 
800 
0 
0 
0 
0 
4830 
0 
0 
0 
0 
801 
0 
0 
0 
2 
4830 
0 
0 
1 
0 
0 
0 
0 
0 
0 
4830 
0 
0 
0 
0 
0 
0 
0 
0 
4830 
0 
0 
0 
0 
0 
0 
0 
0 
4830 
0 
0 
0 
0 
0 
0 
0 
0 
4830 
0 
0 
0 
0 
0 
0 
0 
0 
4830 
0 
0 
0 
0 
0 
0 
0 
0 
4830 
0 
0 
0 
0 workers2.properties
4830 
0 
0 
0 
0 workers2.properties
4830 
0 
0 
0 
0 workers2.properties
4830 
0 
0 
0 
0 workers2.properties
4830 
0 
0 
0 
0 workers2.properties
4830 
0 
0 
0 
0 
813 
0 
0 
0 
0 
4830 
0 
0 
0 
0 
814 
0 
0 
0 
0 
4830 
0 
0 
0 
0 
815 
0 
0 
0 
0 
4830 
0 
0 
0 
0 
816 
0 
0 
0 
0 
4830 
0 
0 
0 
0 
0 
0 
0 
0 
4830 
0 
0 
0 
0 
0 
0 
0 
0 
4830 
0 
0 
0 
0 
0 
0 
0 
0 
4830 
0 
0 
0 
0 
0 
0 
0 
0 
4830 
0 
0 
0 
0 workers2.properties
4830 
0 
0 
0 
0 workers2.properties
4830 
0 
0 
0 
0 workers2.properties
4830 
0 
0 
0 
0 workers2.properties
4830 
0 
0 
0 
0 
821 
0 
0 
0 
0 
4830 
0 
0 
0 
0 
822 
0 
0 
0 
0 
4830 
0 
0 
0 
0 
0 
0 
0 
0 
4830 
0 
0 
0 
0 
0 
0 
0 
0 
4830 
0 
0 
0 
0 workers2.properties
4830 
0 
0 
0 
0 workers2.properties
4830 
0 
0 
0 
0 
823 
0 
0 
0 
0 
4830 
0 
0 
0 
0 
824 
0 
0 
0 
0 
4830 
0 
0 
0 
0 
0 
0 
0 
0 
4830 
0 
0 
0 
0 
0 
0 
0 
0 
4830 
0 
0 
0 
0 workers2.properties
4830 
0 
0 
0 
0 workers2.properties
4830 
0 
0 
0 
0 
832 
0 
0 
0 
0 
4830 
0 
0 
0 
0 
833 
0 
0 
0 
0 
4830 
0 
0 
0 
0 workers2.properties
4830 
0 
0 
0 
0 workers2.properties
4830 
0 
0 
0 
0 
0 
0 
0 
0 
4830 
0 
0 
0 
0 
0 
0 
0 
0 
4830 
0 
0 
0 
0 
834 
0 
0 
0 
0 
4830 
0 
0 
0 
0 workers2.properties
4830 
0 
0 
0 
0 
0 
0 
0 
0 
4830 
0 
0 
0 
0 
835 
0 
0 
0 
0 
4830 
0 
0 
0 
0 
836 
0 
0 
0 
0 
4830 
0 
0 
0 
0 
837 
0 
0 
0 
0 
4830 
0 
0 
0 
0 
0 
0 
0 
0 
4830 
0 
0 
0 
0 
0 
0 
0 
0 
4830 
0 
0 
0 
0 
0 
0 
0 
0 
4830 
0 
0 
0 
0 workers2.properties
4830 
0 
0 
0 
0 workers2.properties
4830 
0 
0 
0 
0 workers2.properties
4830 
0 
0 
0 
0 
850 
0 
0 
0 
0 
4830 
0 
0 
0 
0 
851 
0 
0 
0 
0 
4830 
0 
0 
0 
0 
852 
0 
0 
0 
0 
4830 
0 
0 
0 
0 
853 
0 
0 
0 
0 
4830 
0 
0 
0 
0 
0 
0 
0 
0 
4830 
0 
0 
0 
0 
0 
0 
0 
0 
4830 
0 
0 
0 
0 
0 
0 
0 
0 
4830 
0 
0 
0 
0 
0 
0 
0 
0 
4830 
0 
0 
0 
0 workers2.properties
4830 
0 
0 
0 
0 workers2.properties
4830 
0 
0 
0 
0 workers2.properties
4830 
0 
0 
0 
0 workers2.properties
4830 
0 
0 
0 
0 
861 
0 
0 
0 
0 
4830 
0 
0 
0 
0 
862 
0 
0 
0 
0 
4830 
0 
0 
0 
0 
863 
0 
0 
0 
0 
4830 
0 
0 
0 
0 
864 
0 
0 
0 
0 
4830 
0 
0 
0 
0 
867 
0 
0 
0 
0 
4830 
0 
0 
0 
0 
868 
0 
0 
0 
0 
4830 
0 
0 
0 
0 
0 
0 
0 
0 
4830 
0 
0 
0 
0 
0 
0 
0 
0 
4830 
0 
0 
0 
0 
0 
0 
0 
0 
4830 
0 
0 
0 
0 
0 
0 
0 
0 
4830 
0 
0 
0 
0 workers2.properties
4830 
0 
0 
0 
0 workers2.properties
4830 
0 
0 
0 
0 workers2.properties
4830 
0 
0 
0 
0 workers2.properties
4830 
0 
0 
0 
0 
885 
0 
0 
0 
0 
4830 
0 
0 
0 
0 
886 
0 
0 
0 
0 
4830 
0 
0 
0 
0 
887 
0 
0 
0 
0 
4830 
0 
0 
0 
0 
888 
0 
0 
0 
0 
4830 
0 
0 
0 
0 workers2.properties
4830 
0 
0 
0 
0 
0 
0 
0 
0 
4830 
0 
0 
0 
0 
0 
0 
0 
0 
4830 
0 
0 
0 
0 
0 
0 
0 
0 
4830 
0 
0 
0 
0 
0 
0 
0 
0 
4830 
0 
0 
0 
0 workers2.properties
4830 
0 
0 
0 
0 workers2.properties
4830 
0 
0 
0 
0 workers2.properties
4830 
0 
0 
0 
0 
898 
0 
0 
0 
0 
4830 
0 
0 
0 
0 
899 
0 
0 
0 
0 
4830 
0 
0 
0 
0 
900 
0 
0 
0 
0 
4830 
0 
0 
0 
0 
901 
0 
0 
0 
0 
4830 
0 
0 
0 
0 
0 
0 
0 
0 
4830 
0 
0 
0 
0 
0 
0 
0 
0 
4830 
0 
0 
0 
0 
0 
0 
0 
0 
4830 
0 
0 
0 
0 
0 
0 
0 
0 
4830 
0 
0 
0 
0 workers2.properties
4830 
0 
0 
0 
0 workers2.properties
4830 
0 
0 
0 
0 workers2.properties
4830 
0 
0 
0 
0 workers2.properties
4830 
0 
0 
0 
0 
912 
0 
0 
0 
0 
4830 
0 
0 
0 
0 
913 
0 
0 
0 
0 
4830 
0 
0 
0 
0 
914 
0 
0 
0 
0 
4830 
0 
0 
0 
0 
915 
0 
0 
0 
0 
4830 
0 
0 
0 
0 
0 
0 
0 
0 
4830 
0 
0 
0 
0 
0 
0 
0 
0 
4830 
0 
0 
0 
0 
0 
0 
0 
0 
4830 
0 
0 
0 
0 
0 
0 
0 
0 
4830 
0 
0 
0 
0 workers2.properties
4830 
0 
0 
0 
0 workers2.properties
4830 
0 
0 
0 
0 workers2.properties
4830 
0 
0 
0 
0 workers2.properties
4830 
0 
0 
0 
0 
931 
0 
0 
0 
0 
4830 
0 
0 
0 
0 
933 
0 
0 
0 
0 
4830 
0 
0 
0 
0 
932 
0 
0 
0 
0 
4830 
0 
0 
0 
0 workers2.properties
4830 
0 
0 
0 
0 workers2.properties
4830 
0 
0 
0 
0 workers2.properties
4830 
0 
0 
0 
0 
0 
0 
0 
0 
4830 
0 
0 
0 
0 
934 
0 
0 
0 
0 
4830 
0 
0 
0 
0 workers2.properties
4830 
0 
0 
0 
0 
935 
0 
0 
0 
0 
4830 
0 
0 
0 
0 
936 
0 
0 
0 
0 
4830 
0 
0 
0 
0 workers2.properties
4830 
0 
0 
0 
0 
0 
0 
0 
0 
4830 
0 
0 
0 
0 
937 
0 
0 
0 
0 
4830 
0 
0 
0 
0 
938 
0 
0 
0 
0 
4830 
0 
0 
0 
0 
948 
0 
0 
0 
0 
4830 
0 
0 
0 
0 
949 
0 
0 
0 
0 
4830 
0 
0 
0 
0 
950 
0 
0 
0 
0 
4830 
0 
0 
0 
0 
951 
0 
0 
0 
0 
4830 
0 
0 
0 
0 
0 
0 
0 
0 
4830 
0 
0 
0 
0 
0 
0 
0 
0 
4830 
0 
0 
0 
0 
0 
0 
0 
0 
4830 
0 
0 
0 
0 
0 
0 
0 
0 
4830 
0 
0 
0 
0 workers2.properties
4830 
0 
0 
0 
0 workers2.properties
4830 
0 
0 
0 
0 workers2.properties
4830 
0 
0 
0 
0 workers2.properties
4830 
0 
0 
0 
0 
957 
0 
0 
0 
0 
4830 
0 
0 
0 
0 workers2.properties
4830 
0 
0 
0 
0 
0 
0 
0 
0 
4830 
0 
0 
0 
0 
958 
0 
0 
0 
0 
4830 
0 
0 
0 
0 
959 
0 
0 
0 
0 
4830 
0 
0 
0 
0 
961 
0 
0 
0 
0 
4830 
0 
0 
0 
0 
962 
0 
0 
0 
0 
4830 
0 
0 
0 
0 
963 
0 
0 
0 
0 
4830 
0 
0 
0 
0 
964 
0 
0 
0 
0 
4830 
0 
0 
0 
0 
965 
0 
0 
0 
0 
4830 
0 
0 
0 
0 
966 
0 
0 
0 
0 
4830 
0 
0 
0 
0 
967 
0 
0 
0 
0 
4830 
0 
0 
0 
0 
970 
0 
0 
0 
0 
4830 
0 
0 
0 
0 
984 
0 
0 
0 
0 
4830 
0 
0 
0 
0 
990 
0 
0 
0 
0 
4830 
0 
0 
0 
0 
998 
0 
0 
0 
0 
4830 
0 
0 
0 
0 
999 
0 
0 
0 
0 
4830 
0 
0 
0 
0 
0 
0 
0 
0 
0 
4830 
0 
0 
0 
0 workers2.properties
4830 
0 
0 
0 
0 workers2.properties
4830 
0 
0 
0 
0 workers2.properties
4830 
0 
0 
0 
0 
0 
0 
0 
0 
4830 
0 
0 
0 
0 
0 
0 
0 
0 
4830 
0 
0 
0 
0 
0 
0 
0 
0 
4830 
0 
0 
0 
0 
1 
0 
0 
0 
0 
4830 
0 
0 
0 
0 
2 
0 
0 
0 
0 
4830 
0 
0 
0 
0 
4 
0 
0 
0 
0 
4830 
0 
0 
0 
0 
5 
0 
0 
0 
0 
4830 
0 
0 
0 
0 workers2.properties
4830 
0 
0 
0 
0 
0 
0 
0 
0 
4830 
0 
0 
0 
0 
6 
0 
0 
0 
0 
4830 
0 
0 
0 
0 
7 
0 
0 
0 
0 
4830 
0 
0 
0 
0 
0 
0 
0 
0 
0 
4830 
0 
0 
0 
0 
0 
0 
0 
0 
4830 
0 
0 
0 
0 
0 
0 
0 
0 
4830 
0 
0 
0 
0 
0 
0 
0 
0 
4830 
0 
0 
0 
0 workers2.properties
4830 
0 
0 
0 
0 workers2.properties
4830 
0 
0 
0 
0 workers2.properties
4830 
0 
0 
0 
0 
23 
0 
0 
0 
0 
4830 
0 
0 
0 
0 
2 
0 
0 
0 
0 
4830 
0 
0 
0 
0 
2 
0 
0 
0 
0 
4830 
0 
0 
0 
0 workers2.properties
4830 
0 
0 
0 
0 workers2.properties
4830 
0 
0 
0 
0 
0 
0 
0 
0 
4830 
0 
0 
0 
0 
0 
0 
0 
0 
4830 
0 
0 
0 
0 
24 
0 
0 
0 
0 
4830 
0 
0 
0 
0 
25 
0 
0 
0 
0 
4830 
0 
0 
0 
0 
26 
0 
0 
0 
0 
4830 
0 
0 
0 
0 
0 
0 
0 
0 
4830 
0 
0 
0 
0 
0 
0 
0 
0 
4830 
0 
0 
0 
0 
0 
0 
0 
0 
4830 
0 
0 
0 
0 workers2.properties
4830 
0 
0 
0 
0 workers2.properties
4830 
0 
0 
0 
0 workers2.properties
158302266 
0 
0 
0 
0 
34 
0 
0 
0 
0 
158302279 
0 
0 
0 
0 
37 
0 
0 
0 
0 
158302322 
0 
0 
0 
0 
41 
0 
0 
0 
0 
19787798 
0 
0 
0 
0 
5 
0 
0 
0 
0 
19787798 
0 
0 
0 
0 
48 
0 
0 
0 
0 
158302392 
0 
0 
0 
0 
49 
0 
0 
0 
0 
158302494 
0 
0 
0 
0 
0 
0 
0 
0 
158302494 
0 
0 
0 
0 
0 
2 
158302494 
0 
0 
0 
0 
0 
0 
0 
0 
158302494 
0 
0 
0 
0 
0 
0 
0 
0 
158302494 
0 
0 
0 
0 
0 
0 
0 
0 
0 
158302494 
0 
0 
0 
0 
0 
0 
0 
0 
0 
158302494 
0 
0 
0 
0 workers2.properties
158302494 
0 
0 
0 
0 workers2.properties
158302494 
0 
0 
0 
0 workers2.properties
158302495 
0 
0 
0 
0 
0 
0 
0 
0 
158302495 
0 
0 
0 
0 
0 
0 
0 
0 
158302495 
0 
0 
0 
0 
0 
0 
0 
0 
158302495 
0 
0 
0 
0 
0 
2 
158302495 
0 
0 
0 
0 
0 
2 
158302495 
0 
0 
0 
0 
0 
2 
158302495 
0 
0 
0 
0 
0 
0 
0 
0 
158302495 
0 
0 
0 
0 
0 
0 
0 
0 
0 
158302495 
0 
0 
0 
0 workers2.properties
158302495 
0 
0 
0 
0 workers2.properties
158302495 
0 
0 
0 
0 workers2.properties
158302495 
0 
0 
0 
0 workers2.properties
309197 
0 
0 
18 
0 
0 
0 
0 
0 
0 
158310170 
0 
0 
11 
0 
0 
0 
0 
0 
0 
158312496 
0 
0 
0 
0 
760 
0 
0 
0 
0 
158312498 
0 
0 
0 
0 
0 
0 
0 
0 
158312498 
0 
0 
0 
0 workers2.properties
158312577 
0 
0 
0 
0 
763 
0 
0 
0 
0 
158312580 
0 
0 
18 
0 
0 
0 
0 
0 
0 
158312580 
0 
0 
0 
0 
0 
0 
0 
0 
158312580 
0 
0 
0 
0 workers2.properties
158312676 
0 
0 
0 
0 
773 
0 
0 
0 
0 
158312678 
0 
0 
0 
0 
0 
0 
0 
0 
158312678 
0 
0 
0 
0 workers2.properties
158312969 
0 
0 
0 
0 
811 
0 
0 
0 
0 
158312969 
0 
0 
0 
0 
812 
0 
0 
0 
0 
158312969 
0 
0 
0 
0 
813 
0 
0 
0 
0 
158312969 
0 
0 
0 
0 
815 
0 
0 
0 
0 
158312975 
0 
0 
0 
0 
0 
0 
0 
0 
158312975 
0 
0 
0 
0 
0 
0 
0 
0 
158312975 
0 
0 
0 
0 
0 
0 
0 
0 
158312975 
0 
0 
0 
0 
0 
0 
0 
0 
158312975 
0 
0 
0 
0 workers2.properties
158312975 
0 
0 
0 
0 workers2.properties
158312975 
0 
0 
0 
0 workers2.properties
158312975 
0 
0 
0 
0 workers2.properties
158313126 
0 
0 
0 
0 
823 
0 
0 
0 
0 
158313133 
0 
0 
0 
0 
0 
0 
0 
0 
158313133 
0 
0 
0 
0 workers2.properties
2473644 
0 
0 
68 
0 
0 
0 
0 
0 
0 
2473644 
0 
0 
0 
0 
0 
0 
0 
0 
2473644 
0 
0 
0 
0 
824 
0 
0 
0 
0 
2473644 
0 
0 
0 
0 workers2.properties
2473645 
0 
0 
0 
0 
836 
0 
0 
0 
0 
2473645 
0 
0 
0 
0 
837 
0 
0 
0 
0 
2473645 
0 
0 
0 
0 
838 
0 
0 
0 
0 
158313352 
0 
0 
0 
0 workers2.properties
158313362 
0 
0 
0 
0 workers2.properties
19789171 
0 
0 
0 
0 
840 
0 
0 
0 
0 
19789171 
0 
0 
0 
0 
841 
0 
0 
0 
0 
19789171 
0 
0 
0 
0 
842 
0 
0 
0 
0 
158313403 
0 
0 
0 
0 
843 
0 
0 
0 
0 
158313403 
0 
0 
0 
0 
844 
0 
0 
0 
0 
158313403 
0 
0 
0 
0 
845 
0 
0 
0 
0 
158313403 
0 
0 
0 
0 
846 
0 
0 
0 
0 
158313404 
0 
0 
0 
0 
0 
0 
0 
0 
158313404 
0 
0 
0 
0 
0 
0 
0 
0 
158313404 
0 
0 
0 
0 
0 
0 
0 
0 
158313404 
0 
0 
0 
0 
0 
0 
0 
0 
158313404 
0 
0 
0 
0 workers2.properties
158313404 
0 
0 
0 
0 workers2.properties
158313404 
0 
0 
0 
0 workers2.properties
158313404 
0 
0 
0 
0 workers2.properties
309205 
0 
0 
0 
0 
855 
0 
0 
0 
0 
309205 
0 
0 
0 
0 
856 
0 
0 
0 
0 
309205 
0 
0 
0 
0 
857 
0 
0 
0 
0 
309205 
0 
0 
0 
0 
854 
0 
0 
0 
0 
309205 
0 
0 
0 
0 
0 
0 
0 
0 
309205 
0 
0 
0 
0 
0 
0 
0 
0 
309205 
0 
0 
0 
0 
0 
0 
0 
0 
309205 
0 
0 
0 
0 
0 
0 
0 
0 
309205 
0 
0 
0 
0 workers2.properties
309205 
0 
0 
0 
0 workers2.properties
309205 
0 
0 
0 
0 workers2.properties
309205 
0 
0 
0 
0 workers2.properties
158313594 
0 
0 
0 
0 
864 
0 
0 
0 
0 
158313594 
0 
0 
0 
0 
865 
0 
0 
0 
0 
158313594 
0 
0 
0 
0 
866 
0 
0 
0 
0 
158313594 
0 
0 
0 
0 
867 
0 
0 
0 
0 
158313597 
0 
0 
0 
0 
0 
0 
0 
0 
158313597 
0 
0 
0 
0 
0 
0 
0 
0 
158313597 
0 
0 
0 
0 
0 
0 
0 
0 
158313597 
0 
0 
0 
0 
0 
0 
0 
0 
158313597 
0 
0 
0 
0 workers2.properties
158313597 
0 
0 
0 
0 workers2.properties
158313597 
0 
0 
0 
0 workers2.properties
158313597 
0 
0 
0 
0 workers2.properties
158313773 
0 
0 
0 
0 
877 
0 
0 
0 
0 
19789223 
0 
0 
0 
0 
878 
0 
0 
0 
0 
19789223 
0 
0 
0 
0 
879 
0 
0 
0 
0 
19789223 
0 
0 
0 
0 
880 
0 
0 
0 
0 
19789223 
0 
0 
0 
0 
883 
0 
0 
0 
0 
2473652 
0 
0 
0 
0 
0 
0 
0 
0 
2473652 
0 
0 
0 
0 
0 
0 
0 
0 
2473652 
0 
0 
0 
0 
0 
0 
0 
0 
2473652 
0 
0 
0 
0 
0 
0 
0 
0 
2473652 
0 
0 
0 
0 workers2.properties
2473652 
0 
0 
0 
0 workers2.properties
2473652 
0 
0 
0 
0 workers2.properties
2473652 
0 
0 
0 
0 workers2.properties
19789247 
0 
0 
0 
0 
667 
0 
0 
0 
0 
19789247 
0 
0 
0 
0 
669 
0 
0 
0 
0 
2473655 
0 
0 
0 
0 
670 
0 
0 
0 
0 
309206 
0 
0 
0 
0 workers2.properties
309206 
0 
0 
0 
0 workers2.properties
309206 
0 
0 
0 
0 
0 
0 
0 
0 
309206 
0 
0 
0 
0 
0 
0 
0 
0 
309206 
0 
0 
0 
0 
672 
0 
0 
0 
0 
309206 
0 
0 
0 
0 
673 
0 
0 
0 
0 
309206 
0 
0 
0 
0 
674 
0 
0 
0 
0 
309206 
0 
0 
0 
0 
675 
0 
0 
0 
0 
309206 
0 
0 
0 
0 
678 
0 
0 
0 
0 
309206 
0 
0 
0 
0 
679 
0 
0 
0 
0 
309206 
0 
0 
0 
0 
680 
0 
0 
0 
0 
309206 
0 
0 
0 
0 
681 
0 
0 
0 
0 
309206 
0 
0 
0 
0 workers2.properties
309206 
0 
0 
0 
0 
685 
0 
0 
0 
0 
158314023 
0 
0 
0 
0 
690 
0 
0 
0 
0 
158314023 
0 
0 
0 
0 
691 
0 
0 
0 
0 
158314023 
0 
0 
0 
0 
698 
0 
0 
0 
0 
158314140 
0 
0 
0 
0 
744 
0 
0 
0 
0 
158314140 
0 
0 
0 
0 
746 
0 
0 
0 
0 
158314140 
0 
0 
0 
0 
747 
0 
0 
0 
0 
158314140 
0 
0 
0 
0 
752 
0 
0 
0 
0 
158314140 
0 
0 
0 
0 
753 
0 
0 
0 
0 
158314140 
0 
0 
0 
0 
754 
0 
0 
0 
2 
158314140 
0 
0 
0 
0 
755 
0 
0 
0 
3 
158314144 
0 
0 
0 
0 
0 
0 
0 
0 
158314144 
0 
0 
0 
0 
0 
0 
0 
0 
158314144 
0 
0 
0 
0 
0 
0 
0 
0 
158314144 
0 
0 
0 
0 
0 
0 
0 
0 
158314144 
0 
0 
0 
0 
0 
0 
0 
0 
158314144 
0 
0 
0 
0 
0 
0 
0 
0 
158314144 
0 
0 
0 
0 
0 
0 
0 
0 
158314144 
0 
0 
0 
0 workers2.properties
158314144 
0 
0 
0 
0 workers2.properties
158314144 
0 
0 
0 
0 workers2.properties
158314144 
0 
0 
0 
0 workers2.properties
158314144 
0 
0 
0 
0 workers2.properties
158314144 
0 
0 
0 
0 workers2.properties
158314144 
0 
0 
0 
0 workers2.properties
158314754 
0 
0 
0 
0 
594 
0 
0 
0 
0 
158314754 
0 
0 
0 
0 
595 
0 
0 
0 
0 
158314754 
0 
0 
0 
0 
596 
0 
0 
0 
0 
158314759 
0 
0 
0 
0 
0 
0 
0 
0 
158314759 
0 
0 
0 
0 
0 
0 
0 
0 
158314759 
0 
0 
0 
0 
0 
0 
0 
0 
158314759 
0 
0 
0 
0 workers2.properties
158314759 
0 
0 
0 
0 workers2.properties
158314759 
0 
0 
0 
0 workers2.properties
158314932 
0 
0 
0 
0 
608 
0 
0 
0 
0 
158314932 
0 
0 
0 
0 
609 
0 
0 
0 
0 
2473670 
0 
0 
0 
0 
611 
0 
0 
0 
0 
158314956 
0 
0 
0 
0 
612 
0 
0 
0 
0 
158314956 
0 
0 
0 
0 
613 
0 
0 
0 
0 
158314986 
0 
0 
0 
0 
615 
0 
0 
0 
0 
158315006 
0 
0 
0 
0 
616 
0 
0 
0 
0 
158315006 
0 
0 
0 
0 
617 
0 
0 
0 
0 
158315006 
0 
0 
0 
0 
618 
0 
0 
0 
0 
309208 
0 
0 
0 
0 
630 
0 
0 
0 
0 
309208 
0 
0 
0 
0 
631 
0 
0 
0 
0 
309208 
0 
0 
0 
0 
634 
0 
0 
0 
0 
309208 
0 
0 
0 
0 
637 
0 
0 
0 
0 
309208 
0 
0 
0 
0 
0 
0 
0 
0 
309208 
0 
0 
0 
0 
0 
0 
0 
0 
309208 
0 
0 
0 
0 
0 
0 
0 
0 
309208 
0 
0 
0 
0 
0 
0 
0 
0 
309208 
0 
0 
0 
0 workers2.properties
309208 
0 
0 
0 
0 workers2.properties
309208 
0 
0 
0 
0 workers2.properties
309208 
0 
0 
0 
0 workers2.properties
158317527 
0 
0 
0 
0 
0 
0 
0 
0 
158317527 
0 
0 
0 
0 
820 
0 
0 
0 
0 
158317527 
0 
0 
0 
0 workers2.properties
309213 
0 
0 
0 
0 
0 
0 
0 
0 
309213 
0 
0 
0 
0 
821 
0 
0 
0 
0 
309213 
0 
0 
0 
0 workers2.properties
309213 
0 
0 
21 
0 
0 
0 
0 
0 
0 
38651 
0 
0 
0 
0 
892 
0 
0 
0 
0 
38651 
0 
0 
0 
0 
893 
0 
0 
0 
0 
38651 
0 
0 
0 
0 
0 
0 
0 
0 
38651 
0 
0 
0 
0 
0 
0 
0 
0 
38651 
0 
0 
0 
0 workers2.properties
38651 
0 
0 
0 
0 workers2.properties
38651 
0 
0 
0 
0 
905 
0 
0 
0 
0 
38651 
0 
0 
0 
0 
906 
0 
0 
0 
0 
38651 
0 
0 
0 
0 
907 
0 
0 
0 
0 
38651 
0 
0 
0 
0 
0 
0 
0 
0 
38651 
0 
0 
0 
0 
0 
0 
0 
0 
38651 
0 
0 
0 
0 
0 
0 
0 
0 
38651 
0 
0 
0 
0 workers2.properties
38651 
0 
0 
0 
0 workers2.properties
38651 
0 
0 
0 
0 workers2.properties
38651 
0 
0 
0 
0 
915 
0 
0 
0 
0 
38651 
0 
0 
0 
0 
916 
0 
0 
0 
0 
38651 
0 
0 
0 
0 
917 
0 
0 
0 
0 
38651 
0 
0 
0 
0 workers2.properties
38651 
0 
0 
0 
0 workers2.properties
38651 
0 
0 
0 
0 workers2.properties
38651 
0 
0 
0 
0 
0 
0 
0 
0 
38651 
0 
0 
0 
0 
0 
0 
0 
0 
38651 
0 
0 
0 
0 
0 
0 
0 
0 
38651 
0 
0 
0 
0 
932 
0 
0 
0 
0 
38651 
0 
0 
0 
0 
935 
0 
0 
0 
0 
38651 
0 
0 
0 
0 
936 
0 
0 
0 
0 
38651 
0 
0 
0 
0 
937 
0 
0 
0 
0 
38651 
0 
0 
0 
0 
938 
0 
0 
0 
0 
38651 
0 
0 
0 
0 
0 
0 
0 
0 
38651 
0 
0 
0 
0 
0 
0 
0 
0 
38651 
0 
0 
0 
0 
0 
0 
0 
0 
38651 
0 
0 
0 
0 
0 
0 
0 
0 
38651 
0 
0 
0 
0 workers2.properties
38651 
0 
0 
0 
0 workers2.properties
38651 
0 
0 
0 
0 workers2.properties
38651 
0 
0 
0 
0 workers2.properties
38651 
0 
0 
0 
0 
950 
0 
0 
0 
0 
38651 
0 
0 
0 
0 
961 
0 
0 
0 
0 
38651 
0 
0 
0 
0 
959 
0 
0 
0 
0 
38651 
0 
0 
0 
0 
960 
0 
0 
0 
0 
38651 
0 
0 
0 
0 
962 
0 
0 
0 
0 
38651 
0 
0 
0 
0 
0 
0 
0 
0 
38651 
0 
0 
0 
0 
0 
0 
0 
0 
38651 
0 
0 
0 
0 
0 
0 
0 
0 
38651 
0 
0 
0 
0 
0 
0 
0 
0 
38651 
0 
0 
0 
0 workers2.properties
38651 
0 
0 
0 
0 workers2.properties
38651 
0 
0 
0 
0 workers2.properties
38651 
0 
0 
0 
0 workers2.properties
38651 
0 
0 
0 
0 
974 
0 
0 
0 
0 
38651 
0 
0 
0 
0 
975 
0 
0 
0 
0 
38651 
0 
0 
0 
0 
976 
0 
0 
0 
0 
38651 
0 
0 
0 
0 
977 
0 
0 
0 
0 
38651 
0 
0 
0 
0 
983 
0 
0 
0 
0 
38651 
0 
0 
0 
0 
984 
0 
0 
0 
0 
38651 
0 
0 
0 
0 
985 
0 
0 
0 
0 
38651 
0 
0 
0 
0 workers2.properties
38651 
0 
0 
0 
0 workers2.properties
38651 
0 
0 
0 
0 workers2.properties
38651 
0 
0 
0 
0 
0 
0 
0 
0 
38651 
0 
0 
0 
0 
0 
0 
0 
0 
38651 
0 
0 
0 
0 
0 
0 
0 
0 
38651 
0 
0 
0 
0 
0 
0 
0 
0 
38651 
0 
0 
0 
0 
986 
0 
0 
0 
0 
38651 
0 
0 
0 
0 workers2.properties
38651 
0 
0 
0 
0 
991 
0 
0 
0 
0 
38651 
0 
0 
0 
0 
992 
0 
0 
0 
0 
158318598 
0 
0 
0 
0 
995 
0 
0 
0 
0 
158318598 
0 
0 
0 
0 
996 
0 
0 
0 
0 
158318619 
0 
0 
0 
0 
998 
0 
0 
0 
0 
158318619 
0 
0 
0 
0 
999 
0 
0 
0 
0 
158318625 
0 
0 
0 
0 
0 
0 
0 
0 
0 
158318625 
0 
0 
0 
0 
1 
0 
0 
0 
0 
158318625 
0 
0 
0 
0 workers2.properties
158318625 
0 
0 
0 
0 workers2.properties
158318626 
0 
0 
0 
0 
0 
0 
0 
0 
158318627 
0 
0 
0 
0 
0 
0 
0 
0 
158318638 
0 
0 
0 
0 workers2.properties
158318638 
0 
0 
0 
0 workers2.properties
158318640 
0 
0 
0 
0 
0 
0 
0 
0 
158318640 
0 
0 
0 
0 
0 
0 
0 
0 
2473728 
0 
0 
0 
0 
2 
0 
0 
0 
0 
2473728 
0 
0 
0 
0 
3 
0 
0 
0 
0 
158318678 
0 
0 
0 
0 
5 
0 
0 
0 
0 
158318678 
0 
0 
0 
0 
6 
0 
0 
0 
0 
158318685 
0 
0 
0 
0 
0 
0 
0 
0 
158318685 
0 
0 
0 
0 
0 
0 
0 
0 
158318685 
0 
0 
0 
0 workers2.properties
158318685 
0 
0 
0 
0 workers2.properties
158318686 
0 
0 
0 
0 
0 
0 
0 
0 
158318686 
0 
0 
0 
0 
0 
0 
0 
0 
158318686 
0 
0 
0 
0 
7 
0 
0 
0 
0 
158318686 
0 
0 
0 
0 
0 
0 
0 
0 
0 
158318686 
0 
0 
0 
0 workers2.properties
158318686 
0 
0 
0 
0 workers2.properties
158318764 
0 
0 
0 
0 
14 
0 
0 
0 
0 
158318764 
0 
0 
0 
0 
15 
0 
0 
0 
0 
2473730 
0 
0 
0 
0 workers2.properties
2473730 
0 
0 
0 
0 
1 
0 
0 
0 
0 
2473730 
0 
0 
0 
0 
0 
0 
0 
0 
2473730 
0 
0 
0 
0 
1 
0 
0 
0 
0 
2473730 
0 
0 
0 
0 
16 
0 
0 
0 
0 
158318798 
0 
0 
0 
0 workers2.properties
158318798 
0 
0 
0 
0 workers2.properties
158318802 
0 
0 
0 
0 
0 
0 
0 
0 
158318802 
0 
0 
0 
0 
0 
0 
0 
0 
19789852 
0 
0 
0 
0 
17 
0 
0 
0 
0 
19789852 
0 
0 
0 
0 
18 
0 
0 
0 
0 
158318845 
0 
0 
0 
0 workers2.properties
158318846 
0 
0 
0 
0 
19 
0 
0 
0 
0 
158318846 
0 
0 
0 
0 
20 
0 
0 
0 
0 
2473731 
0 
0 
0 
0 
0 
0 
0 
0 
158318852 
0 
0 
0 
0 workers2.properties
158318881 
0 
0 
0 
0 
2 
0 
0 
0 
0 
158318882 
0 
0 
0 
0 
24 
0 
0 
0 
0 
2473732 
0 
0 
0 
0 
26 
0 
0 
0 
0 
2473732 
0 
0 
0 
0 
27 
0 
0 
0 
0 
158318912 
0 
0 
0 
0 
28 
0 
0 
0 
0 
158318912 
0 
0 
0 
0 
29 
0 
0 
0 
0 
158318919 
0 
0 
0 
0 workers2.properties
158318919 
0 
0 
0 
0 workers2.properties
158318919 
0 
0 
0 
0 workers2.properties
19789864 
0 
0 
0 
0 
0 
0 
0 
0 
19789864 
0 
0 
0 
0 
0 
0 
0 
0 
19789864 
0 
0 
0 
0 
0 
0 
0 
0 
158318923 
0 
0 
0 
0 
30 
0 
0 
0 
0 
158318993 
0 
0 
0 
0 
4 
0 
0 
0 
0 
158318993 
0 
0 
0 
0 
4 
0 
0 
0 
0 
158318993 
0 
0 
0 
0 
40 
0 
0 
0 
0 
158318994 
0 
0 
0 
0 
0 
43 
0 
0 
158318994 
0 
0 
0 
0 
0 
44 
0 
0 
158318994 
0 
0 
0 
0 
0 
2 
158318994 
0 
0 
0 
0 
0 
2 
158318994 
0 
0 
0 
0 
0 
0 
0 
0 
158318994 
0 
0 
0 
0 
0 
0 
0 
0 
158318994 
0 
0 
0 
0 
0 
0 
0 
0 
158318994 
0 
0 
0 
0 
0 
0 
0 
0 
158318994 
0 
0 
0 
0 
0 
0 
0 
0 
158318994 
0 
0 
0 
0 
41 
0 
0 
0 
0 
158318994 
0 
0 
0 
0 
42 
0 
0 
0 
0 
158318994 
0 
0 
0 
0 workers2.properties
158318994 
0 
0 
0 
0 workers2.properties
158318994 
0 
0 
0 
0 workers2.properties
158318994 
0 
0 
0 
0 workers2.properties
158318994 
0 
0 
0 
0 workers2.properties
158318994 
0 
0 
0 
0 workers2.properties
158318994 
0 
0 
0 
0 workers2.properties
309220 
0 
0 
7 
0 
0 
0 
0 
0 
0 
158322043 
0 
0 
0 
0 
270 
0 
0 
0 
0 
158322043 
0 
0 
0 
0 
271 
0 
0 
0 
0 
158322044 
0 
0 
0 
0 
0 
0 
0 
0 
158322044 
0 
0 
0 
0 
0 
0 
0 
0 
158322044 
0 
0 
0 
0 workers2.properties
158322044 
0 
0 
0 
0 workers2.properties
158322641 
0 
0 
0 
0 
0 
0 
0 
0 
158322641 
0 
0 
0 
0 
295 
0 
0 
0 
0 
158322641 
0 
0 
0 
0 workers2.properties
38652 
0 
0 
0 
0 
330 
0 
0 
0 
0 
38652 
0 
0 
0 
0 
0 
0 
0 
0 
38652 
0 
0 
0 
0 workers2.properties
38652 
0 
0 
0 
0 
344 
0 
0 
0 
0 
38652 
0 
0 
0 
0 
347 
0 
0 
0 
0 
38652 
0 
0 
0 
0 
348 
0 
0 
0 
0 
38652 
0 
0 
0 
0 
349 
0 
0 
0 
0 
38652 
0 
0 
0 
0 
350 
0 
0 
0 
0 
38652 
0 
0 
0 
0 
352 
0 
0 
0 
0 
38652 
0 
0 
0 
0 
351 
0 
0 
0 
0 
38652 
0 
0 
0 
0 
0 
0 
0 
0 
38652 
0 
0 
0 
0 
0 
0 
0 
0 
38652 
0 
0 
0 
0 
0 
0 
0 
0 
38652 
0 
0 
0 
0 
0 
0 
0 
0 
38652 
0 
0 
0 
0 workers2.properties
38652 
0 
0 
0 
0 workers2.properties
38652 
0 
0 
0 
0 workers2.properties
38652 
0 
0 
0 
0 workers2.properties
38652 
0 
0 
0 
0 
365 
0 
0 
0 
0 
38652 
0 
0 
0 
0 
366 
0 
0 
0 
0 
38652 
0 
0 
0 
0 
367 
0 
0 
0 
0 
38652 
0 
0 
0 
0 
368 
0 
0 
0 
0 
38652 
0 
0 
0 
0 
0 
0 
0 
0 
38652 
0 
0 
0 
0 
0 
0 
0 
0 
38652 
0 
0 
0 
0 
0 
0 
0 
0 
38652 
0 
0 
0 
0 
0 
0 
0 
0 
38652 
0 
0 
0 
0 workers2.properties
38652 
0 
0 
0 
0 workers2.properties
38652 
0 
0 
0 
0 workers2.properties
38652 
0 
0 
0 
0 workers2.properties
38652 
0 
0 
0 
0 
386 
0 
0 
0 
0 
38652 
0 
0 
0 
0 
387 
0 
0 
0 
0 
38652 
0 
0 
0 
0 
384 
0 
0 
0 
0 
38652 
0 
0 
0 
0 
385 
0 
0 
0 
0 
38652 
0 
0 
0 
0 
0 
0 
0 
0 
38652 
0 
0 
0 
0 
0 
0 
0 
0 
38652 
0 
0 
0 
0 
0 
0 
0 
0 
38652 
0 
0 
0 
0 
0 
0 
0 
0 
38652 
0 
0 
0 
0 workers2.properties
38652 
0 
0 
0 
0 workers2.properties
38652 
0 
0 
0 
0 workers2.properties
38652 
0 
0 
0 
0 workers2.properties
38652 
0 
0 
0 
0 
0 
0 
0 
0 
38652 
0 
0 
0 
0 
388 
0 
0 
0 
0 
38652 
0 
0 
0 
0 workers2.properties
38652 
0 
0 
41 
0 
0 
0 
0 
0 
0 
38652 
0 
0 
98 
0 
0 
0 
0 
0 
0 
38652 
0 
0 
0 
0 
404 
0 
0 
0 
0 
38652 
0 
0 
0 
0 
405 
0 
0 
0 
0 
158322705 
0 
0 
0 
0 
416 
0 
0 
0 
0 
158322705 
0 
0 
0 
0 
417 
0 
0 
0 
0 
158322705 
0 
0 
0 
0 
418 
0 
0 
0 
0 
158322705 
0 
0 
0 
0 
419 
0 
0 
0 
0 
158322708 
0 
0 
0 
0 
0 
0 
0 
0 
158322708 
0 
0 
0 
0 
0 
0 
0 
0 
158322708 
0 
0 
0 
0 
0 
0 
0 
0 
158322708 
0 
0 
0 
0 
0 
0 
0 
0 
158322708 
0 
0 
0 
0 workers2.properties
158322708 
0 
0 
0 
0 workers2.properties
158322708 
0 
0 
0 
0 workers2.properties
158322708 
0 
0 
0 
0 workers2.properties
158322808 
0 
0 
0 
0 
425 
0 
0 
0 
0 
158322808 
0 
0 
0 
0 
426 
0 
0 
0 
0 
19790353 
0 
0 
0 
0 
428 
0 
0 
0 
0 
158322855 
0 
0 
0 
0 
429 
0 
0 
0 
0 
158322855 
0 
0 
0 
0 
430 
0 
0 
0 
0 
2473794 
0 
0 
0 
0 
432 
0 
0 
0 
0 
2473794 
0 
0 
0 
0 
433 
0 
0 
0 
0 
2473794 
0 
0 
0 
0 
434 
0 
0 
0 
0 
2473794 
0 
0 
0 
0 
435 
0 
0 
0 
0 
2473794 
0 
0 
0 
0 
0 
0 
0 
0 
2473794 
0 
0 
0 
0 
0 
0 
0 
0 
2473794 
0 
0 
0 
0 
0 
0 
0 
0 
2473794 
0 
0 
0 
0 
0 
0 
0 
0 
2473794 
0 
0 
0 
0 workers2.properties
2473794 
0 
0 
0 
0 workers2.properties
2473794 
0 
0 
0 
0 workers2.properties
2473794 
0 
0 
0 
0 workers2.properties
158323004 
0 
0 
0 
0 
469 
0 
0 
0 
0 
158323004 
0 
0 
0 
0 
470 
0 
0 
0 
0 
158323043 
0 
0 
0 
0 
474 
0 
0 
0 
0 
158323043 
0 
0 
0 
0 
475 
0 
0 
0 
0 
2473797 
0 
0 
0 
0 
479 
0 
0 
0 
0 
2473797 
0 
0 
0 
0 
480 
0 
0 
0 
0 
2473797 
0 
0 
0 
0 
481 
0 
0 
0 
0 
2473797 
0 
0 
0 
0 
482 
0 
0 
0 
0 
158323084 
0 
0 
0 
0 workers2.properties
158323084 
0 
0 
0 
0 workers2.properties
19790385 
0 
0 
0 
0 
0 
0 
0 
0 
158323089 
0 
0 
0 
0 
0 
0 
0 
0 
158323089 
0 
0 
0 
0 workers2.properties
19790386 
0 
0 
0 
0 
483 
0 
0 
0 
0 
19790386 
0 
0 
0 
0 
484 
0 
0 
0 
0 
158323097 
0 
0 
0 
0 
0 
0 
0 
0 
158323097 
0 
0 
0 
0 
0 
0 
0 
0 
158323097 
0 
0 
0 
0 workers2.properties
158323097 
0 
0 
0 
0 workers2.properties
309224 
0 
0 
0 
0 
494 
0 
0 
0 
0 
309224 
0 
0 
0 
0 
495 
0 
0 
0 
0 
309224 
0 
0 
0 
0 
496 
0 
0 
0 
0 
309224 
0 
0 
0 
0 
497 
0 
0 
0 
0 
309224 
0 
0 
0 
0 workers2.properties
309224 
0 
0 
0 
0 workers2.properties
309224 
0 
0 
0 
0 
0 
0 
0 
0 
309224 
0 
0 
0 
0 
0 
0 
0 
0 
309224 
0 
0 
0 
0 
499 
0 
0 
0 
0 
309224 
0 
0 
0 
0 
498 
0 
0 
0 
0 
309224 
0 
0 
0 
0 workers2.properties
309224 
0 
0 
0 
0 workers2.properties
309224 
0 
0 
0 
0 
0 
0 
0 
0 
309224 
0 
0 
0 
0 
0 
0 
0 
0 
309224 
0 
0 
0 
0 
0 
0 
0 
0 
309224 
0 
0 
0 
0 
500 
0 
0 
0 
0 
309224 
0 
0 
0 
0 workers2.properties
309224 
0 
0 
0 
0 
503 
0 
0 
0 
0 
309224 
0 
0 
0 
0 
0 
0 
0 
0 
309224 
0 
0 
0 
0 workers2.properties
309224 
0 
0 
7 
0 
0 
0 
0 
0 
0 
158323258 
0 
0 
0 
0 
515 
0 
0 
0 
0 
158323258 
0 
0 
0 
0 
516 
0 
0 
0 
0 
2473800 
0 
0 
0 
0 workers2.properties
2473800 
0 
0 
0 
0 workers2.properties
2473800 
0 
0 
0 
0 
0 
0 
0 
0 
2473800 
0 
0 
0 
0 
0 
0 
0 
0 
19790409 
0 
0 
0 
0 
517 
0 
0 
0 
0 
158323280 
0 
0 
0 
0 
518 
0 
0 
0 
0 
158323293 
0 
0 
0 
0 workers2.properties
158323293 
0 
0 
0 
0 workers2.properties
158323297 
0 
0 
0 
0 
0 
0 
0 
0 
158323346 
0 
0 
0 
0 
526 
0 
0 
0 
0 
158323346 
0 
0 
0 
0 
527 
0 
0 
0 
0 
158323431 
0 
0 
0 
0 
538 
0 
0 
0 
0 
158323573 
0 
0 
0 
0 
562 
0 
0 
0 
0 
158323573 
0 
0 
0 
0 
563 
0 
0 
0 
0 
158323573 
0 
0 
0 
0 
564 
0 
0 
0 
0 
158323573 
0 
0 
0 
0 
565 
0 
0 
0 
0 
158323573 
0 
0 
0 
0 
566 
0 
0 
0 
0 
158323573 
0 
0 
0 
0 
567 
0 
0 
0 
2 
158323573 
0 
0 
0 
0 
568 
0 
0 
0 
3 
19790446 
0 
0 
0 
0 
0 
0 
0 
0 
19790446 
0 
0 
0 
0 
0 
0 
0 
0 
19790446 
0 
0 
0 
0 
0 
0 
0 
0 
19790446 
0 
0 
0 
0 
0 
0 
0 
0 
19790446 
0 
0 
0 
0 
0 
0 
0 
0 
19790446 
0 
0 
0 
0 
0 
0 
0 
0 
19790446 
0 
0 
0 
0 
0 
0 
0 
0 
19790446 
0 
0 
0 
0 workers2.properties
19790446 
0 
0 
0 
0 workers2.properties
19790446 
0 
0 
0 
0 workers2.properties
19790446 
0 
0 
0 
0 workers2.properties
19790446 
0 
0 
0 
0 workers2.properties
19790446 
0 
0 
0 
0 workers2.properties
19790446 
0 
0 
0 
0 workers2.properties
158323669 
0 
0 
0 
0 
579 
0 
0 
0 
0 
309225 
0 
0 
0 
0 
592 
0 
0 
0 
0 
309225 
0 
0 
0 
0 
593 
0 
0 
0 
0 
158323720 
0 
0 
0 
0 
616 
0 
0 
0 
0 
158323721 
0 
0 
0 
0 
0 
0 
0 
0 
158323721 
0 
0 
0 
0 
0 
0 
0 
0 
158323721 
0 
0 
0 
0 
0 
0 
0 
0 
158323721 
0 
0 
0 
0 
617 
0 
0 
0 
0 
158323721 
0 
0 
0 
0 
618 
0 
0 
0 
0 
158323721 
0 
0 
0 
0 workers2.properties
158323721 
0 
0 
0 
0 workers2.properties
158323721 
0 
0 
0 
0 workers2.properties
158323722 
0 
0 
0 
0 
0 
619 
0 
0 
158323722 
0 
0 
0 
0 
0 
620 
0 
0 
158323722 
0 
0 
0 
0 
0 
621 
0 
0 
158323722 
0 
0 
0 
0 
0 
622 
0 
0 
158323722 
0 
0 
0 
0 
0 
2 
158323722 
0 
0 
0 
0 
0 
2 
158323722 
0 
0 
0 
0 
0 
2 
158323722 
0 
0 
0 
0 
0 
2 
158323722 
0 
0 
0 
0 workers2.properties
158323722 
0 
0 
0 
0 workers2.properties
158323722 
0 
0 
0 
0 workers2.properties
158323722 
0 
0 
0 
0 workers2.properties
158326511 
0 
0 
0 
0 
785 
0 
0 
0 
0 
158326511 
0 
0 
0 
0 
786 
0 
0 
0 
0 
2473851 
0 
0 
0 
0 
787 
0 
0 
0 
0 
2473851 
0 
0 
0 
0 
788 
0 
0 
0 
0 
2473851 
0 
0 
0 
0 
789 
0 
0 
0 
0 
2473851 
0 
0 
0 
0 
790 
0 
0 
0 
0 
2473851 
0 
0 
0 
0 
0 
0 
0 
0 
2473851 
0 
0 
0 
0 
0 
0 
0 
0 
2473851 
0 
0 
0 
0 
0 
0 
0 
0 
2473851 
0 
0 
0 
0 
0 
0 
0 
0 
2473851 
0 
0 
0 
0 workers2.properties
2473851 
0 
0 
0 
0 workers2.properties
2473851 
0 
0 
0 
0 workers2.properties
2473851 
0 
0 
0 
0 workers2.properties
158326687 
0 
0 
0 
0 
798 
0 
0 
0 
0 
19790835 
0 
0 
0 
0 
0 
0 
0 
0 
19790835 
0 
0 
0 
0 workers2.properties
38653 
0 
0 
0 
0 
810 
0 
0 
0 
0 
38653 
0 
0 
0 
0 
811 
0 
0 
0 
0 
38653 
0 
0 
0 
0 
0 
0 
0 
0 
38653 
0 
0 
0 
0 
0 
0 
0 
0 
38653 
0 
0 
0 
0 workers2.properties
38653 
0 
0 
0 
0 workers2.properties
38653 
0 
0 
0 
0 
816 
0 
0 
0 
0 
38653 
0 
0 
0 
0 
817 
0 
0 
0 
0 
38653 
0 
0 
0 
0 
0 
0 
0 
0 
38653 
0 
0 
0 
0 
0 
0 
0 
0 
38653 
0 
0 
0 
0 workers2.properties
38653 
0 
0 
0 
0 workers2.properties
38653 
0 
0 
0 
0 
825 
0 
0 
0 
0 
38653 
0 
0 
0 
0 
826 
0 
0 
0 
0 
38653 
0 
0 
0 
0 
0 
0 
0 
0 
38653 
0 
0 
0 
0 
0 
0 
0 
0 
38653 
0 
0 
0 
0 workers2.properties
38653 
0 
0 
0 
0 workers2.properties
38653 
0 
0 
0 
0 
0 
0 
0 
0 
38653 
0 
0 
0 
0 
845 
0 
0 
0 
0 
38653 
0 
0 
0 
0 workers2.properties
38653 
0 
0 
0 
0 
856 
0 
0 
0 
0 
38653 
0 
0 
0 
0 
0 
0 
0 
0 
38653 
0 
0 
0 
0 workers2.properties
38653 
0 
0 
0 
0 
875 
0 
0 
0 
0 
38653 
0 
0 
0 
0 
876 
0 
0 
0 
0 
38653 
0 
0 
0 
0 
877 
0 
0 
0 
0 
38653 
0 
0 
0 
0 
878 
0 
0 
0 
0 
38653 
0 
0 
0 
0 
0 
0 
0 
0 
38653 
0 
0 
0 
0 
0 
0 
0 
0 
38653 
0 
0 
0 
0 
0 
0 
0 
0 
38653 
0 
0 
0 
0 
0 
0 
0 
0 
38653 
0 
0 
0 
0 workers2.properties
38653 
0 
0 
0 
0 workers2.properties
38653 
0 
0 
0 
0 workers2.properties
38653 
0 
0 
0 
0 workers2.properties
2473856 
0 
0 
0 
0 
892 
0 
0 
0 
0 
2473856 
0 
0 
0 
0 
893 
0 
0 
0 
0 
158326901 
0 
0 
0 
0 
898 
0 
0 
0 
0 
158326901 
0 
0 
0 
0 
899 
0 
0 
0 
0 
158326901 
0 
0 
0 
0 
900 
0 
0 
0 
0 
158326901 
0 
0 
0 
0 
901 
0 
0 
0 
0 
19790862 
0 
0 
0 
0 
0 
0 
0 
0 
19790862 
0 
0 
0 
0 
0 
0 
0 
0 
19790862 
0 
0 
0 
0 
0 
0 
0 
0 
19790862 
0 
0 
0 
0 
0 
0 
0 
0 
19790862 
0 
0 
0 
0 workers2.properties
19790862 
0 
0 
0 
0 workers2.properties
19790862 
0 
0 
0 
0 workers2.properties
19790862 
0 
0 
0 
0 workers2.properties
158327027 
0 
0 
0 
0 
912 
0 
0 
0 
0 
2473859 
0 
0 
0 
0 
914 
0 
0 
0 
0 
2473859 
0 
0 
0 
0 
915 
0 
0 
0 
0 
158327068 
0 
0 
0 
0 
916 
0 
0 
0 
0 
158327069 
0 
0 
0 
0 
917 
0 
0 
0 
0 
158327069 
0 
0 
0 
0 
918 
0 
0 
0 
0 
158327069 
0 
0 
0 
0 
919 
0 
0 
0 
0 
2473860 
0 
0 
0 
0 
922 
0 
0 
0 
0 
2473860 
0 
0 
0 
0 
923 
0 
0 
0 
0 
2473860 
0 
0 
0 
0 
924 
0 
0 
0 
0 
2473860 
0 
0 
0 
0 
925 
0 
0 
0 
0 
2473860 
0 
0 
0 
0 
0 
0 
0 
0 
2473860 
0 
0 
0 
0 
0 
0 
0 
0 
2473860 
0 
0 
0 
0 
0 
0 
0 
0 
2473860 
0 
0 
0 
0 
0 
0 
0 
0 
2473860 
0 
0 
0 
0 workers2.properties
2473860 
0 
0 
0 
0 workers2.properties
2473860 
0 
0 
0 
0 workers2.properties
2473860 
0 
0 
0 
0 workers2.properties
19790903 
0 
0 
0 
0 
935 
0 
0 
0 
0 
19790903 
0 
0 
0 
0 
936 
0 
0 
0 
0 
158327243 
0 
0 
0 
0 
937 
0 
0 
0 
0 
158327243 
0 
0 
0 
0 
938 
0 
0 
0 
0 
158327249 
0 
0 
0 
0 
939 
0 
0 
0 
0 
158327249 
0 
0 
0 
0 
940 
0 
0 
0 
0 
158327252 
0 
0 
0 
0 
0 
0 
0 
0 
158327252 
0 
0 
0 
0 
0 
0 
0 
0 
158327252 
0 
0 
0 
0 workers2.properties
158327252 
0 
0 
0 
0 workers2.properties
19790906 
0 
0 
0 
0 workers2.properties
19790906 
0 
0 
0 
0 workers2.properties
158327256 
0 
0 
0 
0 
0 
0 
0 
0 
158327256 
0 
0 
0 
0 
0 
0 
0 
0 
19790908 
0 
0 
0 
0 
941 
0 
0 
0 
0 
19790908 
0 
0 
0 
0 
942 
0 
0 
0 
0 
158327272 
0 
0 
0 
0 
0 
0 
0 
0 
158327272 
0 
0 
0 
0 
0 
0 
0 
0 
158327272 
0 
0 
0 
0 workers2.properties
158327272 
0 
0 
0 
0 workers2.properties
309232 
0 
0 
0 
0 
953 
0 
0 
0 
0 
309232 
0 
0 
0 
0 
954 
0 
0 
0 
0 
19790913 
0 
0 
0 
0 
955 
0 
0 
0 
0 
19790913 
0 
0 
0 
0 
956 
0 
0 
0 
0 
19790913 
0 
0 
0 
0 
957 
0 
0 
0 
0 
158327351 
0 
0 
0 
0 
960 
0 
0 
0 
0 
158327351 
0 
0 
0 
0 
961 
0 
0 
0 
0 
158327386 
0 
0 
0 
0 
966 
0 
0 
0 
0 
158327386 
0 
0 
0 
0 
967 
0 
0 
0 
0 
158327386 
0 
0 
0 
0 
968 
0 
0 
0 
0 
158327387 
0 
0 
0 
0 
965 
0 
0 
0 
0 
158327387 
0 
0 
0 
0 
969 
0 
0 
0 
0 
19790924 
0 
0 
0 
0 workers2.properties
19790924 
0 
0 
0 
0 workers2.properties
158327403 
0 
0 
0 
0 
0 
0 
0 
0 
158327404 
0 
0 
0 
0 
0 
0 
0 
0 
158327422 
0 
0 
0 
0 
970 
0 
0 
0 
0 
158327422 
0 
0 
0 
0 
971 
0 
0 
0 
0 
2473865 
0 
0 
0 
0 
0 
0 
0 
0 
2473865 
0 
0 
0 
0 
0 
0 
0 
0 
2473865 
0 
0 
0 
0 
0 
0 
0 
0 
2473865 
0 
0 
0 
0 
972 
0 
0 
0 
0 
2473865 
0 
0 
0 
0 workers2.properties
2473865 
0 
0 
0 
0 workers2.properties
2473865 
0 
0 
0 
0 workers2.properties
158327481 
0 
0 
0 
0 
981 
0 
0 
0 
0 
158327482 
0 
0 
0 
0 
982 
0 
0 
0 
0 
19790937 
0 
0 
0 
0 
984 
0 
0 
0 
0 
19790937 
0 
0 
0 
0 
985 
0 
0 
0 
0 
158327559 
0 
0 
0 
0 
990 
0 
0 
0 
0 
158327559 
0 
0 
0 
0 
991 
0 
0 
0 
0 
158327559 
0 
0 
0 
0 
992 
0 
0 
0 
0 
158327559 
0 
0 
0 
0 
993 
0 
0 
0 
0 
158327571 
0 
0 
0 
0 workers2.properties
158327571 
0 
0 
0 
0 workers2.properties
158327572 
0 
0 
0 
0 workers2.properties
158327574 
0 
0 
0 
0 
0 
0 
0 
0 
158327574 
0 
0 
0 
0 
0 
0 
0 
0 
158327574 
0 
0 
0 
0 
0 
0 
0 
0 
19790949 
0 
0 
0 
0 
995 
0 
0 
0 
0 
19790949 
0 
0 
0 
0 
996 
0 
0 
0 
0 
158327610 
0 
0 
0 
0 workers2.properties
158327613 
0 
0 
0 
0 workers2.properties
19790951 
0 
0 
0 
0 
0 
0 
0 
0 
19790951 
0 
0 
0 
0 
0 
0 
0 
0 
2473868 
0 
0 
0 
0 
997 
0 
0 
0 
0 
158327617 
0 
0 
0 
0 
998 
0 
0 
0 
0 
158327617 
0 
0 
0 
0 
999 
0 
0 
0 
0 
19790952 
0 
0 
0 
0 
0 
0 
0 
0 
19790952 
0 
0 
0 
0 
0 
0 
0 
0 
19790952 
0 
0 
0 
0 
0 
0 
0 
0 
19790952 
0 
0 
0 
0 workers2.properties
19790952 
0 
0 
0 
0 workers2.properties
19790952 
0 
0 
0 
0 workers2.properties
2473869 
0 
0 
0 
0 
5 
0 
0 
0 
0 
2473869 
0 
0 
0 
0 
6 
0 
0 
0 
0 
2473869 
0 
0 
0 
0 
7 
0 
0 
0 
0 
158327688 
0 
0 
0 
0 workers2.properties
158327702 
0 
0 
0 
0 
0 
0 
0 
0 
0 
158327702 
0 
0 
0 
0 
0 
0 
0 
0 
0 
19790962 
0 
0 
0 
0 
8 
0 
0 
0 
0 
19790962 
0 
0 
0 
0 
9 
0 
0 
0 
0 
158327705 
0 
0 
0 
0 
0 
0 
0 
0 
158327705 
0 
0 
0 
0 
0 
0 
0 
0 
158327705 
0 
0 
0 
0 
0 
0 
0 
0 
158327705 
0 
0 
0 
0 
0 
0 
0 
0 
158327705 
0 
0 
0 
0 workers2.properties
158327705 
0 
0 
0 
0 workers2.properties
158327705 
0 
0 
0 
0 workers2.properties
158327705 
0 
0 
0 
0 workers2.properties
309233 
0 
0 
0 
0 
2 
0 
0 
0 
0 
309233 
0 
0 
0 
0 
27 
0 
0 
0 
0 
309233 
0 
0 
0 
0 
28 
0 
0 
0 
0 
309233 
0 
0 
0 
0 
29 
0 
0 
0 
0 
309233 
0 
0 
0 
0 
30 
0 
0 
0 
0 
309233 
0 
0 
0 
0 workers2.properties
309233 
0 
0 
0 
0 workers2.properties
309233 
0 
0 
0 
0 
0 
0 
0 
0 
309233 
0 
0 
0 
0 
0 
0 
0 
0 
309233 
0 
0 
0 
0 
31 
0 
0 
0 
0 
309233 
0 
0 
0 
0 
3 
0 
0 
0 
0 
309233 
0 
0 
0 
0 
3 
0 
0 
0 
0 
158327817 
0 
0 
0 
0 
33 
0 
0 
0 
0 
158327817 
0 
0 
0 
0 
34 
0 
0 
0 
0 
158327817 
0 
0 
0 
0 
35 
0 
0 
0 
0 
158327820 
0 
0 
0 
0 
36 
0 
0 
0 
0 
158327821 
0 
0 
0 
0 
0 
0 
0 
0 
158327821 
0 
0 
0 
0 
0 
0 
0 
0 
158327821 
0 
0 
0 
0 
0 
0 
0 
0 
158327821 
0 
0 
0 
0 
0 
0 
0 
0 
158327821 
0 
0 
0 
0 workers2.properties
158327821 
0 
0 
0 
0 workers2.properties
158327821 
0 
0 
0 
0 workers2.properties
158327821 
0 
0 
0 
0 workers2.properties
2473873 
0 
0 
0 
0 
42 
0 
0 
0 
0 
2473873 
0 
0 
0 
0 
43 
0 
0 
0 
0 
158327959 
0 
0 
0 
0 
44 
0 
0 
0 
0 
158327959 
0 
0 
0 
0 
45 
0 
0 
0 
0 
158328009 
0 
0 
0 
0 
50 
0 
0 
0 
0 
158328009 
0 
0 
0 
0 
51 
0 
0 
0 
0 
2473875 
0 
0 
0 
0 
6 
0 
0 
0 
0 
2473875 
0 
0 
0 
0 
56 
0 
0 
0 
0 
2473875 
0 
0 
0 
0 
57 
0 
0 
0 
0 
158328135 
0 
0 
0 
0 
0 
0 
0 
0 
0 
158328135 
0 
0 
0 
0 
100 
0 
0 
0 
0 
158328135 
0 
0 
0 
0 
101 
0 
0 
0 
0 
19791016 
0 
0 
0 
0 
0 
0 
0 
0 
19791016 
0 
0 
0 
0 
0 
0 
0 
0 
19791016 
0 
0 
0 
0 
0 
0 
0 
0 
19791016 
0 
0 
0 
0 workers2.properties
19791016 
0 
0 
0 
0 workers2.properties
19791016 
0 
0 
0 
0 workers2.properties
158328384 
0 
0 
0 
0 
115 
0 
0 
0 
0 
158328387 
0 
0 
41 
0 
0 
0 
0 
0 
0 
158328389 
0 
0 
0 
0 
0 
0 
0 
0 
158328389 
0 
0 
0 
0 workers2.properties
309239 
0 
0 
0 
0 
259 
0 
0 
0 
0 
309239 
0 
0 
0 
0 
260 
0 
0 
0 
0 
309239 
0 
0 
0 
0 
261 
0 
0 
0 
0 
309239 
0 
0 
0 
0 
0 
0 
0 
0 
309239 
0 
0 
0 
0 
0 
0 
0 
0 
309239 
0 
0 
0 
0 
0 
0 
0 
0 
309239 
0 
0 
0 
0 workers2.properties
309239 
0 
0 
0 
0 workers2.properties
309239 
0 
0 
0 
0 workers2.properties
38654 
0 
0 
0 
0 
276 
0 
0 
0 
0 
38654 
0 
0 
0 
0 
277 
0 
0 
0 
0 
38654 
0 
0 
0 
0 
0 
0 
0 
0 
38654 
0 
0 
0 
0 
0 
0 
0 
0 
38654 
0 
0 
0 
0 
0 
0 
0 
0 
38654 
0 
0 
0 
0 
278 
0 
0 
0 
0 
38654 
0 
0 
0 
0 
279 
0 
0 
0 
0 
38654 
0 
0 
0 
0 
280 
0 
0 
0 
0 
38654 
0 
0 
0 
0 workers2.properties
38654 
0 
0 
0 
0 workers2.properties
38654 
0 
0 
0 
0 workers2.properties
38654 
0 
0 
0 
0 
285 
0 
0 
0 
0 
38654 
0 
0 
0 
0 
0 
0 
0 
0 
38654 
0 
0 
0 
0 workers2.properties
38654 
0 
0 
0 
0 
293 
0 
0 
0 
0 
38654 
0 
0 
0 
0 
294 
0 
0 
0 
0 
38654 
0 
0 
0 
0 
295 
0 
0 
0 
0 
38654 
0 
0 
0 
0 
296 
0 
0 
0 
0 
38654 
0 
0 
0 
0 
297 
0 
0 
0 
0 
38654 
0 
0 
0 
0 
0 
0 
0 
0 
38654 
0 
0 
0 
0 
0 
0 
0 
0 
38654 
0 
0 
0 
0 
0 
0 
0 
0 
38654 
0 
0 
0 
0 workers2.properties
38654 
0 
0 
0 
0 workers2.properties
38654 
0 
0 
0 
0 workers2.properties
38654 
0 
0 
0 
0 
302 
0 
0 
0 
0 
38654 
0 
0 
0 
0 
0 
0 
0 
0 
38654 
0 
0 
0 
0 workers2.properties
38654 
0 
0 
0 
0 
310 
0 
0 
0 
0 
38654 
0 
0 
0 
0 
314 
0 
0 
0 
0 
38654 
0 
0 
0 
0 
315 
0 
0 
0 
0 
38654 
0 
0 
0 
0 
316 
0 
0 
0 
0 
38654 
0 
0 
0 
0 
0 
0 
0 
0 
38654 
0 
0 
0 
0 
0 
0 
0 
0 
38654 
0 
0 
0 
0 
0 
0 
0 
0 
38654 
0 
0 
0 
0 workers2.properties
38654 
0 
0 
0 
0 workers2.properties
38654 
0 
0 
0 
0 workers2.properties
38654 
0 
0 
0 
0 
333 
0 
0 
0 
0 
38654 
0 
0 
0 
0 
335 
0 
0 
0 
0 
19791362 
0 
0 
0 
0 
338 
0 
0 
0 
0 
19791362 
0 
0 
0 
0 
339 
0 
0 
0 
0 
19791362 
0 
0 
0 
0 
340 
0 
0 
0 
0 
19791362 
0 
0 
0 
0 
0 
0 
0 
0 
19791362 
0 
0 
0 
0 
0 
0 
0 
0 
19791362 
0 
0 
0 
0 
0 
0 
0 
0 
19791362 
0 
0 
0 
0 workers2.properties
19791362 
0 
0 
0 
0 workers2.properties
19791362 
0 
0 
0 
0 workers2.properties
158331043 
0 
0 
0 
0 
350 
0 
0 
0 
0 
158331043 
0 
0 
0 
0 
351 
0 
0 
0 
0 
158331044 
0 
0 
0 
0 
0 
0 
0 
0 
158331044 
0 
0 
0 
0 
0 
0 
0 
0 
158331044 
0 
0 
0 
0 workers2.properties
158331044 
0 
0 
0 
0 workers2.properties
2473925 
0 
0 
0 
0 
366 
0 
0 
0 
0 
2473925 
0 
0 
0 
0 
367 
0 
0 
0 
0 
2473925 
0 
0 
0 
0 
368 
0 
0 
0 
0 
2473925 
0 
0 
0 
0 
0 
0 
0 
0 
2473925 
0 
0 
0 
0 
0 
0 
0 
0 
2473925 
0 
0 
0 
0 
0 
0 
0 
0 
2473925 
0 
0 
0 
0 workers2.properties
2473925 
0 
0 
0 
0 workers2.properties
2473925 
0 
0 
0 
0 workers2.properties
309240 
0 
0 
0 
0 
385 
0 
0 
0 
0 
309240 
0 
0 
0 
0 
386 
0 
0 
0 
0 
309240 
0 
0 
0 
0 
387 
0 
0 
0 
0 
309240 
0 
0 
0 
0 
0 
0 
0 
0 
309240 
0 
0 
0 
0 
0 
0 
0 
0 
309240 
0 
0 
0 
0 
0 
0 
0 
0 
309240 
0 
0 
0 
0 workers2.properties
309240 
0 
0 
0 
0 workers2.properties
309240 
0 
0 
0 
0 workers2.properties
158331504 
0 
0 
0 
0 
398 
0 
0 
0 
0 
158331504 
0 
0 
0 
0 
399 
0 
0 
0 
0 
158331504 
0 
0 
0 
0 
400 
0 
0 
0 
0 
158331509 
0 
0 
0 
0 
0 
0 
0 
0 
158331509 
0 
0 
0 
0 
0 
0 
0 
0 
158331509 
0 
0 
0 
0 
0 
0 
0 
0 
158331509 
0 
0 
0 
0 workers2.properties
158331509 
0 
0 
0 
0 workers2.properties
158331509 
0 
0 
0 
0 workers2.properties
19791464 
0 
0 
0 
0 
420 
0 
0 
0 
0 
19791464 
0 
0 
0 
0 
421 
0 
0 
0 
0 
19791464 
0 
0 
0 
0 
422 
0 
0 
0 
0 
158331722 
0 
0 
0 
0 
0 
0 
0 
0 
158331722 
0 
0 
0 
0 
0 
0 
0 
0 
158331722 
0 
0 
0 
0 
0 
0 
0 
0 
158331722 
0 
0 
0 
0 workers2.properties
158331722 
0 
0 
0 
0 workers2.properties
158331722 
0 
0 
0 
0 workers2.properties
158331894 
0 
0 
0 
0 
433 
0 
0 
0 
0 
158331894 
0 
0 
0 
0 
434 
0 
0 
0 
0 
309241 
0 
0 
0 
0 
435 
0 
0 
0 
0 
309241 
0 
0 
0 
0 
437 
0 
0 
0 
0 
309241 
0 
0 
0 
0 
442 
0 
0 
0 
0 
309241 
0 
0 
0 
0 
443 
0 
0 
0 
0 
309241 
0 
0 
0 
0 
451 
0 
0 
0 
0 
309241 
0 
0 
0 
0 
452 
0 
0 
0 
0 
309241 
0 
0 
0 
0 
453 
0 
0 
0 
0 
158331910 
0 
0 
0 
0 
0 
0 
0 
0 
158331910 
0 
0 
0 
0 
0 
0 
0 
0 
158331910 
0 
0 
0 
0 
0 
0 
0 
0 
158331910 
0 
0 
0 
0 workers2.properties
158331910 
0 
0 
0 
0 workers2.properties
158331910 
0 
0 
0 
0 workers2.properties
158332100 
0 
0 
16 
0 
0 
0 
0 
0 
0 
2473960 
0 
0 
0 
0 
561 
0 
0 
0 
0 
2473960 
0 
0 
18 
0 
0 
0 
0 
0 
0 
158333505 
0 
0 
0 
0 
0 
0 
0 
0 
158333505 
0 
0 
0 
0 workers2.properties
158333679 
0 
0 
0 
0 
568 
0 
0 
0 
0 
158333679 
0 
0 
0 
0 
569 
0 
0 
0 
0 
19791709 
0 
0 
0 
0 
0 
0 
0 
0 
19791709 
0 
0 
0 
0 
0 
0 
0 
0 
19791709 
0 
0 
0 
0 workers2.properties
19791709 
0 
0 
0 
0 workers2.properties
19791731 
0 
0 
0 
0 
577 
0 
0 
0 
0 
19791731 
0 
0 
0 
0 
578 
0 
0 
0 
0 
19791731 
0 
0 
0 
0 
0 
0 
0 
0 
19791731 
0 
0 
0 
0 
0 
0 
0 
0 
19791731 
0 
0 
0 
0 workers2.properties
19791731 
0 
0 
0 
0 workers2.properties
309245 
0 
0 
0 
0 
585 
0 
0 
0 
0 
309245 
0 
0 
0 
0 
586 
0 
0 
0 
0 
309245 
0 
0 
0 
0 
0 
0 
0 
0 
309245 
0 
0 
0 
0 
0 
0 
0 
0 
309245 
0 
0 
0 
0 workers2.properties
309245 
0 
0 
0 
0 workers2.properties
158334112 
0 
0 
0 
0 
594 
0 
0 
0 
0 
158334112 
0 
0 
0 
0 
595 
0 
0 
0 
0 
158334113 
0 
0 
0 
0 
0 
0 
0 
0 
158334113 
0 
0 
0 
0 
0 
0 
0 
0 
158334113 
0 
0 
0 
0 workers2.properties
158334113 
0 
0 
0 
0 workers2.properties
158334301 
0 
0 
0 
0 
0 
0 
0 
0 
158334301 
0 
0 
0 
0 
0 
0 
0 
0 
158334301 
0 
0 
0 
0 
600 
0 
0 
0 
0 
158334301 
0 
0 
0 
0 
601 
0 
0 
0 
0 
158334301 
0 
0 
0 
0 workers2.properties
158334301 
0 
0 
0 
0 workers2.properties
309246 
0 
0 
0 
0 
609 
0 
0 
0 
0 
309246 
0 
0 
0 
0 
0 
0 
0 
0 
309246 
0 
0 
0 
0 workers2.properties
158334766 
0 
0 
0 
0 
638 
0 
0 
0 
0 
158334766 
0 
0 
0 
0 
639 
0 
0 
0 
0 
19791845 
0 
0 
0 
0 
0 
0 
0 
0 
19791845 
0 
0 
0 
0 
0 
0 
0 
0 
19791845 
0 
0 
0 
0 workers2.properties
19791845 
0 
0 
0 
0 workers2.properties
158334949 
0 
0 
0 
0 
651 
0 
0 
0 
0 
158334949 
0 
0 
0 
0 
652 
0 
0 
0 
0 
158334951 
0 
0 
0 
0 
0 
0 
0 
0 
158334951 
0 
0 
0 
0 
0 
0 
0 
0 
158334951 
0 
0 
0 
0 workers2.properties
158334951 
0 
0 
0 
0 workers2.properties
38655 
0 
0 
0 
0 
669 
0 
0 
0 
0 
38655 
0 
0 
0 
0 
670 
0 
0 
0 
0 
38655 
0 
0 
0 
0 
0 
0 
0 
0 
38655 
0 
0 
0 
0 
0 
0 
0 
0 
38655 
0 
0 
0 
0 workers2.properties
38655 
0 
0 
0 
0 workers2.properties
38655 
0 
0 
0 
0 
684 
0 
0 
0 
0 
38655 
0 
0 
0 
0 
688 
0 
0 
0 
0 
38655 
0 
0 
0 
0 
0 
0 
0 
0 
38655 
0 
0 
0 
0 workers2.properties
38655 
0 
0 
0 
0 
0 
0 
0 
0 
38655 
0 
0 
0 
0 
689 
0 
0 
0 
0 
38655 
0 
0 
0 
0 workers2.properties
38655 
0 
0 
0 
0 
707 
0 
0 
0 
0 
38655 
0 
0 
0 
0 
708 
0 
0 
0 
0 
38655 
0 
0 
0 
0 
0 
0 
0 
0 
38655 
0 
0 
0 
0 
0 
0 
0 
0 
38655 
0 
0 
0 
0 workers2.properties
38655 
0 
0 
0 
0 workers2.properties
38655 
0 
0 
0 
0 
0 
0 
0 
0 
38655 
0 
0 
0 
0 
0 
0 
0 
0 
38655 
0 
0 
0 
0 
718 
0 
0 
0 
0 
38655 
0 
0 
0 
0 
719 
0 
0 
0 
0 
38655 
0 
0 
0 
0 workers2.properties
38655 
0 
0 
0 
0 workers2.properties
38655 
0 
0 
0 
0 
724 
0 
0 
0 
0 
38655 
0 
0 
0 
0 
725 
0 
0 
0 
0 
38655 
0 
0 
0 
0 
0 
0 
0 
0 
38655 
0 
0 
0 
0 
0 
0 
0 
0 
38655 
0 
0 
0 
0 workers2.properties
38655 
0 
0 
0 
0 workers2.properties
38655 
0 
0 
0 
0 
733 
0 
0 
0 
0 
38655 
0 
0 
0 
0 
0 
0 
0 
0 
38655 
0 
0 
0 
0 workers2.properties
4831 
0 
0 
0 
0 
740 
0 
0 
0 
0 
4831 
0 
0 
0 
0 
741 
0 
0 
0 
0 
4831 
0 
0 
0 
0 
0 
0 
0 
0 
4831 
0 
0 
0 
0 
0 
0 
0 
0 
4831 
0 
0 
0 
0 workers2.properties
4831 
0 
0 
0 
0 workers2.properties
4831 
0 
0 
0 
0 
749 
0 
0 
0 
0 
4831 
0 
0 
0 
0 
750 
0 
0 
0 
0 
4831 
0 
0 
0 
0 
0 
0 
0 
0 
4831 
0 
0 
0 
0 
0 
0 
0 
0 
4831 
0 
0 
0 
0 workers2.properties
4831 
0 
0 
0 
0 workers2.properties
4831 
0 
0 
0 
0 
0 
0 
0 
0 
4831 
0 
0 
0 
0 
751 
0 
0 
0 
0 
4831 
0 
0 
0 
0 workers2.properties
4831 
0 
0 
8 
0 
0 
0 
0 
0 
0 
4831 
0 
0 
0 
0 
780 
0 
0 
0 
0 
4831 
0 
0 
0 
0 
0 
0 
0 
0 
4831 
0 
0 
0 
0 workers2.properties
4831 
0 
0 
0 
0 
784 
0 
0 
0 
0 
4831 
0 
0 
1 
0 
0 
0 
0 
0 
0 
4831 
0 
0 
0 
0 
0 
0 
0 
0 
4831 
0 
0 
0 
0 workers2.properties
4831 
0 
0 
0 
0 
790 
0 
0 
0 
0 
4831 
0 
0 
0 
0 
791 
0 
0 
0 
0 
4831 
0 
0 
0 
0 
0 
0 
0 
0 
4831 
0 
0 
0 
0 workers2.properties
